{"82d154133f3fc780fca926caf983876ecd70c79cb9d3332a66615a58aa7ae13d": {"dist_km": [[0.0, 1.9299, 16.0272, 4.8709, 13.3079, 11.6679, 13.3043, 22.5484, 14.9127, 10.2656, 10.8155], [1.9299, 0.0, 15.446, 6.6843, 12.7253, 13.1616, 13.829, 21.5269, 14.0272, 8.9666, 10.0041], [16.0272, 15.446, 0.0, 16.5267, 2.7257, 16.0268, 8.6516, 7.8524, 2.8685, 8.0898, 5.5853], [4.8709, 6.6843, 16.5267, 0.0, 14.01, 7.2209, 11.2092, 23.9182, 16.2476, 12.9584, 12.3178], [13.3079, 12.7253, 2.7257, 14.01, 0.0, 14.279, 7.6458, 9.9785, 2.7468, 5.8776, 3.0042], [11.6679, 13.1616, 16.0268, 7.2209, 14.279, 0.0, 7.8701, 23.8769, 16.9972, 16.0993, 14.0732], [13.3043, 13.829, 8.6516, 11.2092, 7.6458, 7.8701, 0.0, 16.3619, 10.3292, 11.7731, 8.8397], [22.5484, 21.5269, 7.8524, 23.9182, 9.9785, 23.8769, 16.3619, 0.0, 7.7131, 12.7124, 11.7958], [14.9127, 14.0272, 2.8685, 16.2476, 2.7468, 16.9972, 10.3292, 7.7131, 0.0, 5.755, 4.1039], [10.2656, 8.9666, 8.0898, 12.9584, 5.8776, 16.0993, 11.7731, 12.7124, 5.755, 0.0, 3.1325], [10.8155, 10.0041, 5.5853, 12.3178, 3.0042, 14.0732, 8.8397, 11.7958, 4.1039, 3.1325, 0.0]], "dur_min": [[0.0, 3.8598, 32.0545, 9.7418, 26.6158, 23.3357, 26.6085, 45.0967, 29.8253, 20.5311, 21.631], [3.8598, 0.0, 30.8921, 13.3686, 25.4505, 26.3232, 27.6579, 43.0538, 28.0544, 17.9332, 20.0081], [32.0545, 30.8921, 0.0, 33.0534, 5.4515, 32.0536, 17.3032, 15.7047, 5.737, 16.1795, 11.1706], [9.7418, 13.3686, 33.0534, 0.0, 28.02, 14.4417, 22.4183, 47.8364, 32.4953, 25.9168, 24.6355], [26.6158, 25.4505, 5.4515, 28.02, 0.0, 28.5579, 15.2915, 19.957, 5.4935, 11.7551, 6.0084], [23.3357, 26.3232, 32.0536, 14.4417, 28.5579, 0.0, 15.7402, 47.7538, 33.9943, 32.1986, 28.1465], [26.6085, 27.6579, 17.3032, 22.4183, 15.2915, 15.7402, 0.0, 32.7237, 20.6584, 23.5462, 17.6795], [45.0967, 43.0538, 15.7047, 47.8364, 19.957, 47.7538, 32.7237, 0.0, 15.4262, 25.4248, 23.5915], [29.8253, 28.0544, 5.737, 32.4953, 5.4935, 33.9943, 20.6584, 15.4262, 0.0, 11.5099, 8.2078], [20.5311, 17.9332, 16.1795, 25.9168, 11.7551, 32.1986, 23.5462, 25.4248, 11.5099, 0.0, 6.2651], [21.631, 20.0081, 11.1706, 24.6355, 6.0084, 28.1465, 17.6795, 23.5915, 8.2078, 6.2651, 0.0]], "fallback": true}, "d9944d3cb2871c10a94314baab5921147e7e8ca145fff009da73f6376b1be2e7": {"dist_km": [[0.0, 11.8542, 22.7662, 8.3198, 14.111, 12.0025, 8.5833, 10.3826, 9.4038, 4.8593, 16.8209], [11.8542, 0.0, 15.6484, 10.756, 2.8301, 2.8746, 5.1024, 1.9939, 2.4994, 7.9712, 11.0539], [22.7662, 15.6484, 0.0, 25.7427, 13.215, 13.0988, 14.8093, 15.1486, 16.3066, 18.015, 26.0676], [8.3198, 10.756, 25.7427, 0.0, 13.5851, 12.7575, 11.3021, 10.6598, 9.4622, 9.6856, 9.4946], [14.111, 2.8301, 13.215, 13.5851, 0.0, 2.5418, 6.2136, 3.7307, 4.8092, 9.7583, 12.9435], [12.0025, 2.8746, 13.0988, 12.7575, 2.5418, 0.0, 3.74, 2.1009, 3.319, 7.4287, 13.9284], [8.5833, 5.1024, 14.8093, 11.3021, 6.2136, 3.74, 0.0, 3.1088, 3.1837, 3.8016, 15.0653], [10.3826, 1.9939, 15.1486, 10.6598, 3.7307, 2.1009, 3.1088, 0.0, 1.226, 6.1644, 12.5103], [9.4038, 2.4994, 16.3066, 9.4622, 4.8092, 3.319, 3.1837, 1.226, 0.0, 5.5004, 11.9287], [4.8593, 7.9712, 18.015, 9.6856, 9.7583, 7.4287, 3.8016, 6.1644, 5.5004, 0.0, 15.8407], [16.8209, 11.0539, 26.0676, 9.4946, 12.9435, 13.9284, 15.0653, 12.5103, 11.9287, 15.8407, 0.0]], "dur_min": [[0.0, 23.7084, 45.5325, 16.6395, 28.222, 24.0049, 17.1666, 20.7652, 18.8075, 9.7186, 33.6419], [23.7084, 0.0, 31.2969, 21.5121, 5.6602, 5.7492, 10.2048, 3.9878, 4.9988, 15.9424, 22.1078], [45.5325, 31.2969, 0.0, 51.4853, 26.4299, 26.1976, 29.6187, 30.2973, 32.6132, 36.0301, 52.1353], [16.6395, 21.5121, 51.4853, 0.0, 27.1701, 25.5151, 22.6042, 21.3197, 18.9243, 19.3713, 18.9893], [28.222, 5.6602, 26.4299, 27.1701, 0.0, 5.0836, 12.4272, 7.4613, 9.6183, 19.5166, 25.8871], [24.0049, 5.7492, 26.1976, 25.5151, 5.0836, 0.0, 7.48, 4.2018, 6.638, 14.8573, 27.8569], [17.1666, 10.2048, 29.6187, 22.6042, 12.4272, 7.48, 0.0, 6.2177, 6.3674, 7.6032, 30.1306], [20.7652, 3.9878, 30.2973, 21.3197, 7.4613, 4.2018, 6.2177, 0.0, 2.4521, 12.3287, 25.0206], [18.8075, 4.9988, 32.6132, 18.9243, 9.6183, 6.638, 6.3674, 2.4521, 0.0, 11.0008, 23.8575], [9.7186, 15.9424, 36.0301, 19.3713, 19.5166, 14.8573, 7.6032, 12.3287, 11.0008, 0.0, 31.6814], [33.6419, 22.1078, 52.1353, 18.9893, 25.8871, 27.8569, 30.1306, 25.0206, 23.8575, 31.6814, 0.0]], "fallback": true}, "acd2dfe2ed6db7d21cbd243d8bf8a194d6c8614985f7944b4d62d5c17fda1605": {"dist_km": [[0.0, 5.074, 1.9829, 5.3383, 6.8583, 5.6497, 10.7816, 12.1955, 2.652, 9.8771], [5.074, 0.0, 3.609, 10.2559, 11.8246, 5.7177, 8.5822, 17.0337, 7.4455, 12.0499], [1.9829, 3.609, 0.0, 6.6977, 8.2793, 4.0562, 8.9067, 13.4319, 3.8866, 9.3334], [5.3383, 10.2559, 6.6977, 0.0, 1.5866, 8.1637, 13.4816, 6.8585, 2.8136, 8.329], [6.8583, 11.8246, 8.2793, 1.5866, 0.0, 9.6295, 14.8733, 5.4024, 4.3928, 8.9755], [5.6497, 5.7177, 4.0562, 8.1637, 9.6295, 0.0, 5.4201, 13.8793, 5.9483, 6.4855], [10.7816, 8.5822, 8.9067, 13.4816, 14.8733, 5.4201, 0.0, 18.586, 11.3683, 8.9747], [12.1955, 17.0337, 13.4319, 6.8585, 5.4024, 13.8793, 18.586, 0.0, 9.6152, 10.6531], [2.652, 7.4455, 3.8866, 2.8136, 4.3928, 5.9483, 11.3683, 9.6152, 0.0, 8.2074], [9.8771, 12.0499, 9.3334, 8.329, 8.9755, 6.4855, 8.9747, 10.6531, 8.2074, 0.0]], "dur_min": [[0.0, 10.1481, 3.9658, 10.6766, 13.7166, 11.2994, 21.5632, 24.391, 5.3041, 19.7541], [10.1481, 0.0, 7.218, 20.5119, 23.6492, 11.4353, 17.1644, 34.0673, 14.891, 24.0998], [3.9658, 7.218, 0.0, 13.3955, 16.5586, 8.1123, 17.8134, 26.8637, 7.7732, 18.6668], [10.6766, 20.5119, 13.3955, 0.0, 3.1732, 16.3275, 26.9631, 13.7169, 5.6272, 16.658], [13.7166, 23.6492, 16.5586, 3.1732, 0.0, 19.2589, 29.7466, 10.8049, 8.7856, 17.951], [11.2994, 11.4353, 8.1123, 16.3275, 19.2589, 0.0, 10.8401, 27.7586, 11.8966, 12.971], [21.5632, 17.1644, 17.8134, 26.9631, 29.7466, 10.8401, 0.0, 37.172, 22.7367, 17.9494], [24.391, 34.0673, 26.8637, 13.7169, 10.8049, 27.7586, 37.172, 0.0, 19.2304, 21.3061], [5.3041, 14.891, 7.7732, 5.6272, 8.7856, 11.8966, 22.7367, 19.2304, 0.0, 16.4148], [19.7541, 24.0998, 18.6668, 16.658, 17.951, 12.971, 17.9494, 21.3061, 16.4148, 0.0]], "fallback": true}, "4f5d7cdbd80abd7a1c2eec49f1426adca992e9eab5a885e0f942de9929908dbd": {"dist_km": [[0.0, 14.5477, 7.8719, 4.9027, 15.9012, 11.9532, 6.6965, 10.1609, 10.0018], [14.5477, 0.0, 7.159, 9.8992, 1.6923, 6.4364, 8.7469, 5.6763, 12.0499], [7.8719, 7.159, 0.0, 2.9724, 8.7365, 4.5524, 4.6858, 5.2886, 10.2728], [4.9027, 9.8992, 2.9724, 0.0, 11.3779, 7.192, 4.1139, 6.5559, 9.538], [15.9012, 1.6923, 8.7365, 11.3779, 0.0, 8.0822, 9.7964, 6.4424, 12.4063], [11.9532, 6.4364, 4.5524, 7.192, 8.0822, 0.0, 9.0171, 8.2485, 14.3238], [6.6965, 8.7469, 4.6858, 4.1139, 9.7964, 9.0171, 0.0, 3.5533, 5.657], [10.1609, 5.6763, 5.2886, 6.5559, 6.4424, 8.2485, 3.5533, 0.0, 6.5772], [10.0018, 12.0499, 10.2728, 9.538, 12.4063, 14.3238, 5.657, 6.5772, 0.0]], "dur_min": [[0.0, 29.0953, 15.7437, 9.8055, 31.8024, 23.9064, 13.3931, 20.3219, 20.0037], [29.0953, 0.0, 14.318, 19.7984, 3.3846, 12.8728, 17.4938, 11.3527, 24.0998], [15.7437, 14.318, 0.0, 5.9448, 17.4731, 9.1049, 9.3717, 10.5772, 20.5456], [9.8055, 19.7984, 5.9448, 0.0, 22.7558, 14.3841, 8.2278, 13.1118, 19.076], [31.8024, 3.3846, 17.4731, 22.7558, 0.0, 16.1644, 19.5928, 12.8847, 24.8126], [23.9064, 12.8728, 9.1049, 14.3841, 16.1644, 0.0, 18.0342, 16.497, 28.6476], [13.3931, 17.4938, 9.3717, 8.2278, 19.5928, 18.0342, 0.0, 7.1066, 11.3141], [20.3219, 11.3527, 10.5772, 13.1118, 12.8847, 16.497, 7.1066, 0.0, 13.1545], [20.0037, 24.0998, 20.5456, 19.076, 24.8126, 28.6476, 11.3141, 13.1545, 0.0]], "fallback": true}, "dd58db9f9b0c6296a4ea1b186693bd0532eb8cb21d04413686beff230e36dbfb": {"dist_km": [[0.0, 9.4482, 9.0113, 22.8861, 17.1891, 16.5302, 13.3139, 17.0771], [9.4482, 0.0, 0.6641, 14.4378, 9.8327, 7.0852, 3.8737, 8.1823], [9.0113, 0.6641, 0.0, 15.0849, 9.7255, 7.5689, 4.3831, 8.8147], [22.8861, 14.4378, 15.0849, 0.0, 17.1719, 9.205, 11.2371, 6.3322], [17.1891, 9.8327, 9.7255, 17.1719, 0.0, 8.323, 8.4619, 11.9715], [16.5302, 7.0852, 7.5689, 9.205, 8.323, 0.0, 3.2173, 3.6705], [13.3139, 3.8737, 4.3831, 11.2371, 8.4619, 3.2173, 0.0, 4.9264], [17.0771, 8.1823, 8.8147, 6.3322, 11.9715, 3.6705, 4.9264, 0.0]], "dur_min": [[0.0, 18.8964, 18.0225, 45.7722, 34.3783, 33.0604, 26.6277, 34.1542], [18.8964, 0.0, 1.3282, 28.8755, 19.6654, 14.1704, 7.7473, 16.3646], [18.0225, 1.3282, 0.0, 30.1697, 19.4509, 15.1378, 8.7662, 17.6294], [45.7722, 28.8755, 30.1697, 0.0, 34.3438, 18.4099, 22.4743, 12.6644], [34.3783, 19.6654, 19.4509, 34.3438, 0.0, 16.6459, 16.9237, 23.9429], [33.0604, 14.1704, 15.1378, 18.4099, 16.6459, 0.0, 6.4346, 7.341], [26.6277, 7.7473, 8.7662, 22.4743, 16.9237, 6.4346, 0.0, 9.8529], [34.1542, 16.3646, 17.6294, 12.6644, 23.9429, 7.341, 9.8529, 0.0]], "fallback": true}, "4d5c07530784a8a95d9977125a65f29cf20b5eab9179be6ed3310cbd71cfa5d0": {"dist_km": [[0.0, 27.6187, 18.3905, 21.2728, 5.8996, 15.8464, 19.9476, 14.8093, 11.1523, 20.717], [27.6187, 0.0, 9.853, 6.9528, 22.1886, 11.7931, 10.17, 12.8403, 19.0499, 6.9608], [18.3905, 9.853, 0.0, 6.0653, 13.5551, 3.2649, 8.4814, 4.0092, 12.2676, 4.393], [21.2728, 6.9528, 6.0653, 0.0, 15.6061, 6.09, 3.7051, 7.0684, 12.1129, 1.7575], [5.8996, 22.1886, 13.5551, 15.6061, 0.0, 10.6326, 14.0698, 9.6588, 5.4855, 15.2298], [15.8464, 11.7931, 3.2649, 6.09, 10.6326, 0.0, 6.9778, 1.0498, 9.003, 5.0388], [19.9476, 10.17, 8.4814, 3.7051, 14.0698, 6.9778, 0.0, 7.6283, 9.6523, 5.0792], [14.8093, 12.8403, 4.0092, 7.0684, 9.6588, 1.0498, 7.6283, 0.0, 8.3961, 6.0793], [11.1523, 19.0499, 12.2676, 12.1129, 5.4855, 9.003, 9.6523, 8.3961, 0.0, 12.3051], [20.717, 6.9608, 4.393, 1.7575, 15.2298, 5.0388, 5.0792, 6.0793, 12.3051, 0.0]], "dur_min": [[0.0, 55.2373, 36.7811, 42.5457, 11.7992, 31.6927, 39.8952, 29.6187, 22.3046, 41.434], [55.2373, 0.0, 19.706, 13.9056, 44.3772, 23.5861, 20.34, 25.6806, 38.0999, 13.9215], [36.7811, 19.706, 0.0, 12.1307, 27.1102, 6.5297, 16.9628, 8.0185, 24.5351, 8.786], [42.5457, 13.9056, 12.1307, 0.0, 31.2122, 12.1801, 7.4102, 14.1368, 24.2258, 3.5149], [11.7992, 44.3772, 27.1102, 31.2122, 0.0, 21.2653, 28.1396, 19.3177, 10.9709, 30.4596], [31.6927, 23.5861, 6.5297, 12.1801, 21.2653, 0.0, 13.9556, 2.0996, 18.006, 10.0777], [39.8952, 20.34, 16.9628, 7.4102, 28.1396, 13.9556, 0.0, 15.2566, 19.3046, 10.1584], [29.6187, 25.6806, 8.0185, 14.1368, 19.3177, 2.0996, 15.2566, 0.0, 16.7921, 12.1587], [22.3046, 38.0999, 24.5351, 24.2258, 10.9709, 18.006, 19.3046, 16.7921, 0.0, 24.6102], [41.434, 13.9215, 8.786, 3.5149, 30.4596, 10.0777, 10.1584, 12.1587, 24.6102, 0.0]], "fallback": true}, "8c9df0c7a4326219c5e9aa96f4c7e9e945bc88efd7c826168027b85dc85bdfce": {"dist_km": [[0.0, 13.9966, 12.3114, 20.9456, 13.2402, 11.2734, 13.3854, 11.2752], [13.9966, 0.0, 4.6251, 23.7895, 6.9222, 4.8406, 6.7757, 11.1878], [12.3114, 4.6251, 0.0, 19.1663, 2.4922, 1.0442, 2.4131, 13.566], [20.9456, 23.7895, 19.1663, 0.0, 16.9696, 19.1254, 17.1498, 29.9437], [13.2402, 6.9222, 2.4922, 16.9696, 0.0, 3.0494, 0.2244, 15.9038], [11.2734, 4.8406, 1.0442, 19.1254, 3.0494, 0.0, 3.0395, 12.8544], [13.3854, 6.7757, 2.4131, 17.1498, 0.2244, 3.0395, 0.0, 15.8881], [11.2752, 11.1878, 13.566, 29.9437, 15.9038, 12.8544, 15.8881, 0.0]], "dur_min": [[0.0, 27.9932, 24.6228, 41.8913, 26.4805, 22.5468, 26.7708, 22.5505], [27.9932, 0.0, 9.2502, 47.5789, 13.8445, 9.6813, 13.5514, 22.3756], [24.6228, 9.2502, 0.0, 38.3325, 4.9844, 2.0884, 4.8263, 27.132], [41.8913, 47.5789, 38.3325, 0.0, 33.9393, 38.2508, 34.2996, 59.8874], [26.4805, 13.8445, 4.9844, 33.9393, 0.0, 6.0989, 0.4487, 31.8075], [22.5468, 9.6813, 2.0884, 38.2508, 6.0989, 0.0, 6.0791, 25.7087], [26.7708, 13.5514, 4.8263, 34.2996, 0.4487, 6.0791, 0.0, 31.7762], [22.5505, 22.3756, 27.132, 59.8874, 31.8075, 25.7087, 31.7762, 0.0]], "fallback": true}, "3a91e27a4fa0b2b40ec5bb74f3a566cae40934dba0d2de622deceb1a221896ec": {"dist_km": [[0.0, 7.4928, 5.86, 13.0679, 13.9252, 5.4662, 4.0221, 13.9252, 4.5701], [7.4928, 0.0, 6.818, 9.2743, 6.9893, 9.3538, 7.2968, 6.9893, 3.5302], [5.86, 6.818, 0.0, 7.6058, 10.5806, 3.0595, 2.084, 10.5806, 6.7368], [13.0679, 9.2743, 7.6058, 0.0, 6.72, 10.1634, 9.6828, 6.72, 11.7601], [13.9252, 6.9893, 10.5806, 6.72, 0.0, 13.6401, 12.154, 0.0, 10.5052], [5.4662, 9.3538, 3.0595, 10.1634, 13.6401, 0.0, 2.1453, 13.6401, 8.2626], [4.0221, 7.2968, 2.084, 9.6828, 12.154, 2.1453, 0.0, 12.154, 6.142], [13.9252, 6.9893, 10.5806, 6.72, 0.0, 13.6401, 12.154, 0.0, 10.5052], [4.5701, 3.5302, 6.7368, 11.7601, 10.5052, 8.2626, 6.142, 10.5052, 0.0]], "dur_min": [[0.0, 14.9856, 11.7199, 26.1359, 27.8504, 10.9324, 8.0442, 27.8504, 9.1403], [14.9856, 0.0, 13.6361, 18.5486, 13.9786, 18.7075, 14.5936, 13.9786, 7.0604], [11.7199, 13.6361, 0.0, 15.2117, 21.1613, 6.119, 4.168, 21.1613, 13.4737], [26.1359, 18.5486, 15.2117, 0.0, 13.4401, 20.3268, 19.3657, 13.4401, 23.5201], [27.8504, 13.9786, 21.1613, 13.4401, 0.0, 27.2803, 24.3081, 0.0, 21.0103], [10.9324, 18.7075, 6.119, 20.3268, 27.2803, 0.0, 4.2907, 27.2803, 16.5252], [8.0442, 14.5936, 4.168, 19.3657, 24.3081, 4.2907, 0.0, 24.3081, 12.284], [27.8504, 13.9786, 21.1613, 13.4401, 0.0, 27.2803, 24.3081, 0.0, 21.0103], [9.1403, 7.0604, 13.4737, 23.5201, 21.0103, 16.5252, 12.284, 21.0103, 0.0]], "fallback": true}, "79e6fa63e5d8bffbb3bb847ea9a21e9c5646a0abe2e34e32371c8fb1ed8ab1b8": {"dist_km": [[0.0, 5.9874, 5.5996, 1.9503, 8.9767, 11.8107, 4.4436, 5.6418, 21.323, 7.6574], [5.9874, 0.0, 3.5515, 7.2478, 9.1508, 9.1704, 10.1548, 2.8472, 15.4924, 12.905], [5.5996, 3.5515, 0.0, 7.4528, 5.6065, 6.5338, 8.6192, 0.7223, 16.384, 13.2533], [1.9503, 7.2478, 7.4528, 0.0, 10.8667, 13.7495, 4.6386, 7.4156, 22.7355, 5.8384], [8.9767, 9.1508, 5.6065, 10.8667, 0.0, 4.9123, 9.3712, 6.3036, 18.7187, 15.9083], [11.8107, 9.1704, 6.5338, 13.7495, 4.9123, 0.0, 13.5519, 6.8908, 14.1714, 19.3727], [4.4436, 10.1548, 8.6192, 4.6386, 9.3712, 13.5519, 0.0, 8.9681, 24.9792, 7.039], [5.6418, 2.8472, 0.7223, 7.4156, 6.3036, 6.8908, 8.9681, 0.0, 16.012, 13.2491], [21.323, 15.4924, 16.384, 22.7355, 18.7187, 14.1714, 24.9792, 16.012, 0.0, 28.3579], [7.6574, 12.905, 13.2533, 5.8384, 15.9083, 19.3727, 7.039, 13.2491, 28.3579, 0.0]], "dur_min": [[0.0, 11.9748, 11.1991, 3.9005, 17.9535, 23.6215, 8.8872, 11.2835, 42.646, 15.3147], [11.9748, 0.0, 7.103, 14.4955, 18.3015, 18.3409, 20.3097, 5.6943, 30.9848, 25.81], [11.1991, 7.103, 0.0, 14.9056, 11.213, 13.0676, 17.2385, 1.4446, 32.768, 26.5067], [3.9005, 14.4955, 14.9056, 0.0, 21.7333, 27.4991, 9.2771, 14.8312, 45.4711, 11.6767], [17.9535, 18.3015, 11.213, 21.7333, 0.0, 9.8246, 18.7425, 12.6072, 37.4374, 31.8165], [23.6215, 18.3409, 13.0676, 27.4991, 9.8246, 0.0, 27.1038, 13.7817, 28.3428, 38.7454], [8.8872, 20.3097, 17.2385, 9.2771, 18.7425, 27.1038, 0.0, 17.9363, 49.9584, 14.078], [11.2835, 5.6943, 1.4446, 14.8312, 12.6072, 13.7817, 17.9363, 0.0, 32.0239, 26.4981], [42.646, 30.9848, 32.768, 45.4711, 37.4374, 28.3428, 49.9584, 32.0239, 0.0, 56.7158], [15.3147, 25.81, 26.5067, 11.6767, 31.8165, 38.7454, 14.078, 26.4981, 56.7158, 0.0]], "fallback": true}, "1023b373166aa7c7a8ab3b4dd794e8072147c894bbcb64d50aa24c4663b9ec23": {"dist_km": [[0.0, 6.7229, 9.242, 7.2009, 8.6348, 13.3311, 5.6034, 7.0773, 12.2153, 6.8587], [6.7229, 0.0, 9.6807, 8.2081, 2.4207, 12.6042, 1.4131, 4.9986, 6.2348, 13.5805], [9.242, 9.6807, 0.0, 2.0427, 9.1612, 4.1503, 8.5149, 4.7558, 10.0934, 13.1564], [7.2009, 8.2081, 2.0427, 0.0, 8.1279, 6.1529, 6.9278, 3.6704, 9.8084, 11.4672], [8.6348, 2.4207, 9.1612, 8.1279, 0.0, 11.3963, 3.0551, 4.4827, 3.8278, 15.4381], [13.3311, 12.6042, 4.1503, 6.1529, 11.3963, 0.0, 11.6921, 7.6951, 10.9088, 17.1558], [5.6034, 1.4131, 8.5149, 6.9278, 3.0551, 11.6921, 0.0, 3.9975, 6.789, 12.4414], [7.0773, 4.9986, 4.7558, 3.6704, 4.4827, 7.6951, 3.9975, 0.0, 6.3955, 13.0557], [12.2153, 6.2348, 10.0934, 9.8084, 3.8278, 10.9088, 6.789, 6.3955, 0.0, 18.8738], [6.8587, 13.5805, 13.1564, 11.4672, 15.4381, 17.1558, 12.4414, 13.0557, 18.8738, 0.0]], "dur_min": [[0.0, 13.4458, 18.4839, 14.4018, 17.2696, 26.6622, 11.2067, 14.1546, 24.4305, 13.7173], [13.4458, 0.0, 19.3614, 16.4162, 4.8413, 25.2084, 2.8262, 9.9971, 12.4696, 27.161], [18.4839, 19.3614, 0.0, 4.0855, 18.3225, 8.3005, 17.0298, 9.5115, 20.1867, 26.3128], [14.4018, 16.4162, 4.0855, 0.0, 16.2558, 12.3058, 13.8557, 7.3409, 19.6168, 22.9343], [17.2696, 4.8413, 18.3225, 16.2558, 0.0, 22.7926, 6.1102, 8.9655, 7.6555, 30.8761], [26.6622, 25.2084, 8.3005, 12.3058, 22.7926, 0.0, 23.3842, 15.3902, 21.8175, 34.3117], [11.2067, 2.8262, 17.0298, 13.8557, 6.1102, 23.3842, 0.0, 7.995, 13.5779, 24.8827], [14.1546, 9.9971, 9.5115, 7.3409, 8.9655, 15.3902, 7.995, 0.0, 12.791, 26.1114], [24.4305, 12.4696, 20.1867, 19.6168, 7.6555, 21.8175, 13.5779, 12.791, 0.0, 37.7476], [13.7173, 27.161, 26.3128, 22.9343, 30.8761, 34.3117, 24.8827, 26.1114, 37.7476, 0.0]], "fallback": true}, "2c2d5f25f1b256eb0c8b0f949ef275f0aff15384b5f64447099eb2378ce0c866": {"dist_km": [[0.0, 11.5385, 3.1406, 3.0678, 14.7264, 6.693, 6.0021, 8.4472], [11.5385, 0.0, 9.4482, 9.0113, 22.8861, 17.1891, 16.5302, 17.0771], [3.1406, 9.4482, 0.0, 0.6641, 14.4378, 9.8327, 7.0852, 8.1823], [3.0678, 9.0113, 0.6641, 0.0, 15.0849, 9.7255, 7.5689, 8.8147], [14.7264, 22.8861, 14.4378, 15.0849, 0.0, 17.1719, 9.205, 6.3322], [6.693, 17.1891, 9.8327, 9.7255, 17.1719, 0.0, 8.323, 11.9715], [6.0021, 16.5302, 7.0852, 7.5689, 9.205, 8.323, 0.0, 3.6705], [8.4472, 17.0771, 8.1823, 8.8147, 6.3322, 11.9715, 3.6705, 0.0]], "dur_min": [[0.0, 23.077, 6.2813, 6.1356, 29.4528, 13.386, 12.0043, 16.8944], [23.077, 0.0, 18.8964, 18.0225, 45.7722, 34.3783, 33.0604, 34.1542], [6.2813, 18.8964, 0.0, 1.3282, 28.8755, 19.6654, 14.1704, 16.3646], [6.1356, 18.0225, 1.3282, 0.0, 30.1697, 19.4509, 15.1378, 17.6294], [29.4528, 45.7722, 28.8755, 30.1697, 0.0, 34.3438, 18.4099, 12.6644], [13.386, 34.3783, 19.6654, 19.4509, 34.3438, 0.0, 16.6459, 23.9429], [12.0043, 33.0604, 14.1704, 15.1378, 18.4099, 16.6459, 0.0, 7.341], [16.8944, 34.1542, 16.3646, 17.6294, 12.6644, 23.9429, 7.341, 0.0]], "fallback": true}, "68f097fee6e0819247b4a9783eb5df9c4ec49a31922f1cb327ead70d036f4908": {"dist_km": [[0.0, 5.0299], [5.0299, 0.0]], "dur_min": [[0.0, 10.0598], [10.0598, 0.0]], "fallback": true}, "6c43701c159b8f486790d17b3bacd7b8b275e1d720950c002ecf58e283a1e4e0": {"dist_km": [[0.0, 5.0299, 4.7863], [5.0299, 0.0, 9.7163], [4.7863, 9.7163, 0.0]], "dur_min": [[0.0, 10.0598, 9.5725], [10.0598, 0.0, 19.4326], [9.5725, 19.4326, 0.0]], "fallback": true}, "f851471864e88e9cb3a7adf4fa741945bf14470e529308482b8620ba850bd045": {"dist_km": [[0.0, 2.0968, 0.5633, 1.9916], [2.0968, 0.0, 2.0337, 1.2063], [0.5633, 2.0337, 0.0, 2.2478], [1.9916, 1.2063, 2.2478, 0.0]], "dur_min": [[0.0, 4.1936, 1.1266, 3.9831], [4.1936, 0.0, 4.0674, 2.4125], [1.1266, 4.0674, 0.0, 4.4955], [3.9831, 2.4125, 4.4955, 0.0]], "fallback": true}, "7748ab2e3259d4579140aa48c8a0bad920a9a20915126af77fcac4585ef0db78": {"dist_km": [[0.0, 7.3933, 9.341, 2.0395, 3.2956, 26.5864, 8.147, 14.7647], [7.3933, 0.0, 16.7139, 8.3156, 10.3944, 32.3738, 11.9711, 16.4565], [9.341, 16.7139, 0.0, 8.6529, 6.4552, 20.0012, 10.5246, 16.738], [2.0395, 8.3156, 8.6529, 0.0, 2.1986, 24.7825, 6.1437, 12.8744], [3.2956, 10.3944, 6.4552, 2.1986, 0.0, 23.4018, 6.5418, 13.4923], [26.5864, 32.3738, 20.0012, 24.7825, 23.4018, 0.0, 20.5762, 19.8047], [8.147, 11.9711, 10.5246, 6.1437, 6.5418, 20.5762, 0.0, 6.9516], [14.7647, 16.4565, 16.738, 12.8744, 13.4923, 19.8047, 6.9516, 0.0]], "dur_min": [[0.0, 14.7866, 18.682, 4.0791, 6.5912, 53.1729, 16.294, 29.5295], [14.7866, 0.0, 33.4278, 16.6312, 20.7888, 64.7475, 23.9421, 32.913], [18.682, 33.4278, 0.0, 17.3057, 12.9103, 40.0025, 21.0491, 33.4761], [4.0791, 16.6312, 17.3057, 0.0, 4.3973, 49.565, 12.2874, 25.7487], [6.5912, 20.7888, 12.9103, 4.3973, 0.0, 46.8036, 13.0836, 26.9846], [53.1729, 64.7475, 40.0025, 49.565, 46.8036, 0.0, 41.1525, 39.6094], [16.294, 23.9421, 21.0491, 12.2874, 13.0836, 41.1525, 0.0, 13.9033], [29.5295, 32.913, 33.4761, 25.7487, 26.9846, 39.6094, 13.9033, 0.0]], "fallback": true}, "68da34084768724502d38652937d8243d6cf3c1eaf71ceb5648cebd4a0f3aa90": {"dist_km": [[0.0, 8.1007, 2.042, 6.134, 0.7015, 4.8423, 5.7208, 3.7362, 10.7798], [8.1007, 0.0, 6.1036, 12.9712, 8.7828, 12.551, 10.8623, 4.3674, 8.3541], [2.042, 6.1036, 0.0, 7.381, 2.7425, 6.5452, 6.7752, 1.7913, 9.9357], [6.134, 12.9712, 7.381, 0.0, 5.8517, 2.2848, 10.6069, 9.086, 16.9133], [0.7015, 8.7828, 2.7425, 5.8517, 0.0, 4.3586, 5.4462, 4.4155, 11.1033], [4.8423, 12.551, 6.5452, 2.2848, 4.3586, 0.0, 8.5074, 8.3354, 15.4015], [5.7208, 10.8623, 6.7752, 10.6069, 5.4462, 8.5074, 0.0, 7.3848, 8.5575], [3.7362, 4.3674, 1.7913, 9.086, 4.4155, 8.3354, 7.3848, 0.0, 8.7594], [10.7798, 8.3541, 9.9357, 16.9133, 11.1033, 15.4015, 8.5575, 8.7594, 0.0]], "dur_min": [[0.0, 16.2013, 4.0841, 12.2681, 1.4031, 9.6846, 11.4417, 7.4723, 21.5596], [16.2013, 0.0, 12.2073, 25.9424, 17.5655, 25.1019, 21.7247, 8.7348, 16.7081], [4.0841, 12.2073, 0.0, 14.7619, 5.485, 13.0904, 13.5505, 3.5826, 19.8714], [12.2681, 25.9424, 14.7619, 0.0, 11.7035, 4.5695, 21.2138, 18.172, 33.8266], [1.4031, 17.5655, 5.485, 11.7035, 0.0, 8.7172, 10.8923, 8.831, 22.2065], [9.6846, 25.1019, 13.0904, 4.5695, 8.7172, 0.0, 17.0147, 16.6707, 30.803], [11.4417, 21.7247, 13.5505, 21.2138, 10.8923, 17.0147, 0.0, 14.7697, 17.1151], [7.4723, 8.7348, 3.5826, 18.172, 8.831, 16.6707, 14.7697, 0.0, 17.5189], [21.5596, 16.7081, 19.8714, 33.8266, 22.2065, 30.803, 17.1151, 17.5189, 0.0]], "fallback": true}, "fda1ae04a41365677a2e1c2add60456b3072f31d478e3f455762cfdf0d2a3f6a": {"dist_km": [[0.0, 6.9037, 12.639, 30.5694, 26.1935, 10.9701, 4.2144, 8.3337], [6.9037, 0.0, 16.8784, 23.6791, 26.6518, 14.5563, 9.8695, 13.3604], [12.639, 16.8784, 0.0, 37.4001, 16.5182, 2.5692, 8.4714, 18.4105], [30.5694, 23.6791, 37.4001, 0.0, 37.8052, 34.837, 32.8915, 36.0419], [26.1935, 26.6518, 16.5182, 37.8052, 0.0, 16.3812, 22.9712, 33.7508], [10.9701, 14.5563, 2.5692, 34.837, 16.3812, 0.0, 7.032, 17.5938], [4.2144, 9.8695, 8.4714, 32.8915, 22.9712, 7.032, 0.0, 10.7815], [8.3337, 13.3604, 18.4105, 36.0419, 33.7508, 17.5938, 10.7815, 0.0]], "dur_min": [[0.0, 13.8073, 25.2781, 61.1387, 52.387, 21.9402, 8.4289, 16.6673], [13.8073, 0.0, 33.7568, 47.3583, 53.3036, 29.1126, 19.7391, 26.7209], [25.2781, 33.7568, 0.0, 74.8002, 33.0364, 5.1384, 16.9428, 36.8211], [61.1387, 47.3583, 74.8002, 0.0, 75.6104, 69.6739, 65.783, 72.0838], [52.387, 53.3036, 33.0364, 75.6104, 0.0, 32.7625, 45.9424, 67.5016], [21.9402, 29.1126, 5.1384, 69.6739, 32.7625, 0.0, 14.0639, 35.1877], [8.4289, 19.7391, 16.9428, 65.783, 45.9424, 14.0639, 0.0, 21.5631], [16.6673, 26.7209, 36.8211, 72.0838, 67.5016, 35.1877, 21.5631, 0.0]], "fallback": true}, "d11991d2f012528dad05a17df6e885f42e56b622a93c1786fe5096096e0c3f5f": {"dist_km": [[0.0, 8.6557, 7.359, 7.2451, 7.8148, 5.7855, 3.0788, 4.0941], [8.6557, 0.0, 2.9682, 5.259, 12.5925, 8.0885, 5.6199, 8.4157], [7.359, 2.9682, 0.0, 6.921, 9.7951, 5.2697, 4.3861, 8.5539], [7.2451, 5.259, 6.921, 0.0, 14.0096, 10.1616, 5.5167, 4.5826], [7.8148, 12.5925, 9.7951, 14.0096, 0.0, 4.5258, 8.4939, 11.8858], [5.7855, 8.0885, 5.2697, 10.1616, 4.5258, 0.0, 4.8466, 9.2276], [3.0788, 5.6199, 4.3861, 5.5167, 8.4939, 4.8466, 0.0, 4.7031], [4.0941, 8.4157, 8.5539, 4.5826, 11.8858, 9.2276, 4.7031, 0.0]], "dur_min": [[0.0, 17.3114, 14.7181, 14.4902, 15.6296, 11.571, 6.1577, 8.1882], [17.3114, 0.0, 5.9364, 10.518, 25.185, 16.177, 11.2397, 16.8314], [14.7181, 5.9364, 0.0, 13.8419, 19.5902, 10.5395, 8.7723, 17.1078], [14.4902, 10.518, 13.8419, 0.0, 28.0193, 20.3232, 11.0335, 9.1652], [15.6296, 25.185, 19.5902, 28.0193, 0.0, 9.0517, 16.9878, 23.7716], [11.571, 16.177, 10.5395, 20.3232, 9.0517, 0.0, 9.6933, 18.4551], [6.1577, 11.2397, 8.7723, 11.0335, 16.9878, 9.6933, 0.0, 9.4062], [8.1882, 16.8314, 17.1078, 9.1652, 23.7716, 18.4551, 9.4062, 0.0]], "fallback": true}, "31f58b5a92ee16eb708a0dea81c55cf640948af5d8b3bdd8f1381b224e2e277d": {"dist_km": [[0.0, 10.0014, 9.1824, 17.5418, 21.9944, 23.5149, 22.6295, 13.9659, 18.0624, 3.4174], [10.0014, 0.0, 1.1854, 11.3051, 20.4493, 19.9413, 21.807, 9.6528, 12.8545, 7.6035], [9.1824, 1.1854, 0.0, 10.8946, 19.5755, 19.2714, 20.8835, 8.8827, 12.3034, 6.5775], [17.5418, 11.3051, 10.8946, 0.0, 11.3453, 9.2548, 13.1276, 4.0093, 2.1322, 14.1249], [21.9944, 20.4493, 19.5755, 11.3453, 0.0, 4.5289, 1.882, 10.8767, 9.2193, 19.1088], [23.5149, 19.9413, 19.2714, 9.2548, 4.5289, 0.0, 6.2109, 10.4439, 7.2668, 20.3178], [22.6295, 21.807, 20.8835, 13.1276, 1.882, 6.2109, 0.0, 12.3616, 11.0132, 19.9065], [13.9659, 9.6528, 8.8827, 4.0093, 10.8767, 10.4439, 12.3616, 0.0, 4.0964, 10.5713], [18.0624, 12.8545, 12.3034, 2.1322, 9.2193, 7.2668, 11.0132, 4.0964, 0.0, 14.6663], [3.4174, 7.6035, 6.5775, 14.1249, 19.1088, 20.3178, 19.9065, 10.5713, 14.6663, 0.0]], "dur_min": [[0.0, 20.0029, 18.3649, 35.0836, 43.9888, 47.0298, 45.259, 27.9319, 36.1247, 6.8348], [20.0029, 0.0, 2.3708, 22.6102, 40.8987, 39.8826, 43.614, 19.3056, 25.709, 15.207], [18.3649, 2.3708, 0.0, 21.7892, 39.1511, 38.5428, 41.7671, 17.7655, 24.6067, 13.155], [35.0836, 22.6102, 21.7892, 0.0, 22.6907, 18.5097, 26.2552, 8.0185, 4.2645, 28.2497], [43.9888, 40.8987, 39.1511, 22.6907, 0.0, 9.0578, 3.764, 21.7534, 18.4387, 38.2177], [47.0298, 39.8826, 38.5428, 18.5097, 9.0578, 0.0, 12.4219, 20.8878, 14.5336, 40.6356], [45.259, 43.614, 41.7671, 26.2552, 3.764, 12.4219, 0.0, 24.7233, 22.0264, 39.8131], [27.9319, 19.3056, 17.7655, 8.0185, 21.7534, 20.8878, 24.7233, 0.0, 8.1928, 21.1426], [36.1247, 25.709, 24.6067, 4.2645, 18.4387, 14.5336, 22.0264, 8.1928, 0.0, 29.3327], [6.8348, 15.207, 13.155, 28.2497, 38.2177, 40.6356, 39.8131, 21.1426, 29.3327, 0.0]], "fallback": true}, "24fb3f815cb23f29c7e37d0d4a8d88d5ef022b062693c19abfb36db2704dbf91": {"dist_km": [[0.0, 11.8081, 18.3489, 21.1627, 18.0839, 15.8003, 12.0388, 18.2877, 25.267], [11.8081, 0.0, 7.2195, 10.2078, 7.0324, 4.1733, 1.4458, 9.7285, 15.3358], [18.3489, 7.2195, 0.0, 2.989, 0.3173, 3.2545, 7.9584, 12.6825, 15.1538], [21.1627, 10.2078, 2.989, 0.0, 3.1845, 6.1974, 10.9267, 14.8411, 16.1292], [18.0839, 7.0324, 0.3173, 3.1845, 0.0, 3.1509, 7.8157, 12.7555, 15.362], [15.8003, 4.1733, 3.2545, 6.1974, 3.1509, 0.0, 4.7343, 10.1614, 13.9406], [12.0388, 1.4458, 7.9584, 10.9267, 7.8157, 4.7343, 0.0, 8.3862, 14.2765], [18.2877, 9.7285, 12.6825, 14.8411, 12.7555, 10.1614, 8.3862, 0.0, 7.14], [25.267, 15.3358, 15.1538, 16.1292, 15.362, 13.9406, 14.2765, 7.14, 0.0]], "dur_min": [[0.0, 23.6161, 36.6977, 42.3255, 36.1678, 31.6005, 24.0776, 36.5754, 50.534], [23.6161, 0.0, 14.439, 20.4156, 14.0648, 8.3465, 2.8915, 19.4571, 30.6716], [36.6977, 14.439, 0.0, 5.978, 0.6346, 6.509, 15.9168, 25.365, 30.3076], [42.3255, 20.4156, 5.978, 0.0, 6.3689, 12.3949, 21.8534, 29.6821, 32.2583], [36.1678, 14.0648, 0.6346, 6.3689, 0.0, 6.3019, 15.6314, 25.511, 30.7241], [31.6005, 8.3465, 6.509, 12.3949, 6.3019, 0.0, 9.4685, 20.3227, 27.8812], [24.0776, 2.8915, 15.9168, 21.8534, 15.6314, 9.4685, 0.0, 16.7725, 28.553], [36.5754, 19.4571, 25.365, 29.6821, 25.511, 20.3227, 16.7725, 0.0, 14.2801], [50.534, 30.6716, 30.3076, 32.2583, 30.7241, 27.8812, 28.553, 14.2801, 0.0]], "fallback": true}, "be2aa25ef53f93e4c9273b1af06f7526475fe70a39184bb19243f5f878f252ca": {"dist_km": [[0.0, 21.0603, 15.8723, 1.1534, 27.1254, 15.7782, 9.3636, 19.71], [21.0603, 0.0, 5.1899, 21.5023, 6.6843, 6.5757, 14.1095, 7.0531], [15.8723, 5.1899, 0.0, 16.3308, 11.482, 3.2814, 9.3848, 7.019], [1.1534, 21.5023, 16.3308, 0.0, 27.6827, 16.4417, 10.3161, 20.4802], [27.1254, 6.6843, 11.482, 27.6827, 0.0, 11.5255, 19.1438, 9.0364], [15.7782, 6.5757, 3.2814, 16.4417, 11.5255, 0.0, 7.7137, 4.5171], [9.3636, 14.1095, 9.3848, 10.3161, 19.1438, 7.7137, 0.0, 10.7987], [19.71, 7.0531, 7.019, 20.4802, 9.0364, 4.5171, 10.7987, 0.0]], "dur_min": [[0.0, 42.1206, 31.7445, 2.3069, 54.2508, 31.5563, 18.7272, 39.42], [42.1206, 0.0, 10.3798, 43.0046, 13.3687, 13.1513, 28.219, 14.1063], [31.7445, 10.3798, 0.0, 32.6616, 22.9641, 6.5627, 18.7696, 14.0379], [2.3069, 43.0046, 32.6616, 0.0, 55.3654, 32.8835, 20.6321, 40.9603], [54.2508, 13.3687, 22.9641, 55.3654, 0.0, 23.0509, 38.2876, 18.0728], [31.5563, 13.1513, 6.5627, 32.8835, 23.0509, 0.0, 15.4273, 9.0341], [18.7272, 28.219, 18.7696, 20.6321, 38.2876, 15.4273, 0.0, 21.5975], [39.42, 14.1063, 14.0379, 40.9603, 18.0728, 9.0341, 21.5975, 0.0]], "fallback": true}, "75f4abf1b974e6247d9d0807ac4566a79c791547a24e7ccbea9f391ce2e52406": {"dist_km": [[0.0, 11.2273, 8.8013, 12.9911, 21.4856, 14.1679, 5.6607, 17.0567, 17.3421], [11.2273, 0.0, 7.2136, 8.3318, 10.6839, 8.5239, 9.3426, 5.9726, 6.218], [8.8013, 7.2136, 0.0, 4.1912, 14.4253, 5.3979, 10.9592, 12.5451, 11.3648], [12.9911, 8.3318, 4.1912, 0.0, 11.799, 1.3088, 14.664, 12.049, 9.9692], [21.4856, 10.6839, 14.4253, 11.799, 0.0, 10.7215, 19.9829, 7.0351, 4.6699], [14.1679, 8.5239, 5.3979, 1.3088, 10.7215, 0.0, 15.5412, 11.6009, 9.2924], [5.6607, 9.3426, 10.9592, 14.664, 19.9829, 15.5412, 0.0, 14.1711, 15.393], [17.0567, 5.9726, 12.5451, 12.049, 7.0351, 11.6009, 14.1711, 0.0, 3.0171], [17.3421, 6.218, 11.3648, 9.9692, 4.6699, 9.2924, 15.393, 3.0171, 0.0]], "dur_min": [[0.0, 22.4546, 17.6025, 25.9822, 42.9711, 28.3359, 11.3213, 34.1134, 34.6843], [22.4546, 0.0, 14.4272, 16.6636, 21.3677, 17.0478, 18.6852, 11.9452, 12.436], [17.6025, 14.4272, 0.0, 8.3823, 28.8506, 10.7959, 21.9184, 25.0901, 22.7296], [25.9822, 16.6636, 8.3823, 0.0, 23.598, 2.6176, 29.328, 24.0979, 19.9384], [42.9711, 21.3677, 28.8506, 23.598, 0.0, 21.4429, 39.9657, 14.0701, 9.3398], [28.3359, 17.0478, 10.7959, 2.6176, 21.4429, 0.0, 31.0824, 23.2019, 18.5848], [11.3213, 18.6852, 21.9184, 29.328, 39.9657, 31.0824, 0.0, 28.3422, 30.786], [34.1134, 11.9452, 25.0901, 24.0979, 14.0701, 23.2019, 28.3422, 0.0, 6.0342], [34.6843, 12.436, 22.7296, 19.9384, 9.3398, 18.5848, 30.786, 6.0342, 0.0]], "fallback": true}, "130d8d7eecb7885cac1aa99b91bdb5cb14a7b7a5ee3b62c16ebcf828592edfd0": {"dist_km": [[0.0, 13.3628, 24.4312, 27.8306, 22.5587, 21.4339, 8.0074, 14.9675, 9.4122, 12.1687], [13.3628, 0.0, 13.6245, 14.5943, 9.8351, 9.3935, 6.4333, 5.8407, 4.2111, 5.0164], [24.4312, 13.6245, 0.0, 14.3874, 5.971, 16.5723, 16.4797, 18.2877, 15.7463, 18.5122], [27.8306, 14.5943, 14.3874, 0.0, 9.1719, 7.8344, 20.893, 14.2388, 18.7878, 16.5111], [22.5587, 9.8351, 5.971, 9.1719, 0.0, 10.6444, 14.6812, 13.2645, 13.1873, 14.1226], [21.4339, 9.3935, 16.5723, 7.8344, 10.6444, 0.0, 15.6978, 6.7853, 13.3707, 9.4035], [8.0074, 6.4333, 16.4797, 20.893, 14.6812, 15.6978, 0.0, 10.5886, 2.3416, 8.19], [14.9675, 5.8407, 18.2877, 14.2388, 13.2645, 6.7853, 10.5886, 0.0, 8.3365, 2.8064], [9.4122, 4.2111, 15.7463, 18.7878, 13.1873, 13.3707, 2.3416, 8.3365, 0.0, 6.104], [12.1687, 5.0164, 18.5122, 16.5111, 14.1226, 9.4035, 8.19, 2.8064, 6.104, 0.0]], "dur_min": [[0.0, 26.7256, 48.8625, 55.6613, 45.1175, 42.8679, 16.0149, 29.9349, 18.8244, 24.3373], [26.7256, 0.0, 27.249, 29.1886, 19.6701, 18.787, 12.8665, 11.6814, 8.4223, 10.0327], [48.8625, 27.249, 0.0, 28.7749, 11.9421, 33.1446, 32.9593, 36.5754, 31.4926, 37.0245], [55.6613, 29.1886, 28.7749, 0.0, 18.3438, 15.6689, 41.786, 28.4776, 37.5757, 33.0222], [45.1175, 19.6701, 11.9421, 18.3438, 0.0, 21.2888, 29.3624, 26.529, 26.3746, 28.2451], [42.8679, 18.787, 33.1446, 15.6689, 21.2888, 0.0, 31.3957, 13.5706, 26.7415, 18.807], [16.0149, 12.8665, 32.9593, 41.786, 29.3624, 31.3957, 0.0, 21.1773, 4.6833, 16.3801], [29.9349, 11.6814, 36.5754, 28.4776, 26.529, 13.5706, 21.1773, 0.0, 16.6729, 5.6129], [18.8244, 8.4223, 31.4926, 37.5757, 26.3746, 26.7415, 4.6833, 16.6729, 0.0, 12.208], [24.3373, 10.0327, 37.0245, 33.0222, 28.2451, 18.807, 16.3801, 5.6129, 12.208, 0.0]], "fallback": true}, "a6539745ef8533f8f3e65f0a366e3c16d4cbf79c8ba41d1e3357893bc5438c1e": {"dist_km": [[0.0, 1.0428, 5.1704, 8.9054, 10.6401, 0.4716, 9.5208, 11.3749, 10.1637], [1.0428, 0.0, 4.1283, 7.9548, 9.5983, 1.1381, 8.6925, 11.0752, 11.0528], [5.1704, 4.1283, 0.0, 4.727, 5.4963, 5.1997, 5.9532, 10.6729, 14.7084], [8.9054, 7.9548, 4.727, 0.0, 3.8701, 8.7264, 8.9947, 14.883, 18.9947], [10.6401, 9.5983, 5.4963, 3.8701, 0.0, 10.6239, 6.6243, 13.1319, 20.066], [0.4716, 1.1381, 5.1997, 8.7264, 10.6239, 0.0, 9.7963, 11.8189, 10.4337], [9.5208, 8.6925, 5.9532, 8.9947, 6.6243, 9.7963, 0.0, 6.5775, 16.278], [11.3749, 11.0752, 10.6729, 14.883, 13.1319, 11.8189, 6.5775, 0.0, 13.3286], [10.1637, 11.0528, 14.7084, 18.9947, 20.066, 10.4337, 16.278, 13.3286, 0.0]], "dur_min": [[0.0, 2.0855, 10.3409, 17.8107, 21.2801, 0.9431, 19.0415, 22.7498, 20.3273], [2.0855, 0.0, 8.2566, 15.9096, 19.1966, 2.2761, 17.3851, 22.1505, 22.1055], [10.3409, 8.2566, 0.0, 9.454, 10.9927, 10.3993, 11.9064, 21.3459, 29.4169], [17.8107, 15.9096, 9.454, 0.0, 7.7402, 17.4529, 17.9895, 29.7659, 37.9893], [21.2801, 19.1966, 10.9927, 7.7402, 0.0, 21.2477, 13.2485, 26.2638, 40.1319], [0.9431, 2.2761, 10.3993, 17.4529, 21.2477, 0.0, 19.5927, 23.6378, 20.8674], [19.0415, 17.3851, 11.9064, 17.9895, 13.2485, 19.5927, 0.0, 13.155, 32.5559], [22.7498, 22.1505, 21.3459, 29.7659, 26.2638, 23.6378, 13.155, 0.0, 26.6572], [20.3273, 22.1055, 29.4169, 37.9893, 40.1319, 20.8674, 32.5559, 26.6572, 0.0]], "fallback": true}, "9f22314e06cb974d3e01734953002606d8c4de009c72ac0bd3038c1468070810": {"dist_km": [[0.0, 9.1134, 3.8108, 14.7286, 9.9414, 17.3948, 9.2287, 10.0899], [9.1134, 0.0, 12.309, 5.6199, 4.3741, 8.4692, 9.6754, 11.6519], [3.8108, 12.309, 0.0, 17.8886, 13.6817, 20.7549, 12.7923, 9.2503], [14.7286, 5.6199, 17.8886, 0.0, 7.0874, 3.2966, 13.2935, 15.6552], [9.9414, 4.3741, 13.6817, 7.0874, 0.0, 8.5135, 6.2132, 15.4119], [17.3948, 8.4692, 20.7549, 3.2966, 8.5135, 0.0, 14.3636, 18.9513], [9.2287, 9.6754, 12.7923, 13.2935, 6.2132, 14.3636, 0.0, 18.0494], [10.0899, 11.6519, 9.2503, 15.6552, 15.4119, 18.9513, 18.0494, 0.0]], "dur_min": [[0.0, 18.2269, 7.6217, 29.4572, 19.8829, 34.7896, 18.4575, 20.1799], [18.2269, 0.0, 24.6179, 11.2397, 8.7483, 16.9385, 19.3508, 23.3037], [7.6217, 24.6179, 0.0, 35.7772, 27.3633, 41.5097, 25.5846, 18.5006], [29.4572, 11.2397, 35.7772, 0.0, 14.1749, 6.5931, 26.5869, 31.3103], [19.8829, 8.7483, 27.3633, 14.1749, 0.0, 17.0269, 12.4263, 30.8237], [34.7896, 16.9385, 41.5097, 6.5931, 17.0269, 0.0, 28.7271, 37.9026], [18.4575, 19.3508, 25.5846, 26.5869, 12.4263, 28.7271, 0.0, 36.0987], [20.1799, 23.3037, 18.5006, 31.3103, 30.8237, 37.9026, 36.0987, 0.0]], "fallback": true}, "bc40a7a5cf633b3bba670f4bc94224f9eb4965b1e5169ab9d9fe5cc4c2db7c11": {"dist_km": [[0.0, 11.4545, 5.3693, 5.5579, 10.1891, 8.5704, 16.6851, 9.3494], [11.4545, 0.0, 7.8651, 15.0101, 14.7506, 3.8701, 18.9601, 20.3647], [5.3693, 7.8651, 0.0, 10.7043, 7.7707, 6.7554, 13.4706, 14.6264], [5.5579, 15.0101, 10.7043, 0.0, 15.3933, 11.3435, 21.931, 5.8981], [10.1891, 14.7506, 7.7707, 15.3933, 0.0, 14.4788, 6.5379, 16.7531], [8.5704, 3.8701, 6.7554, 11.3435, 14.4788, 0.0, 19.719, 16.9107], [16.6851, 18.9601, 13.4706, 21.931, 6.5379, 19.719, 0.0, 22.9703], [9.3494, 20.3647, 14.6264, 5.8981, 16.7531, 16.9107, 22.9703, 0.0]], "dur_min": [[0.0, 22.9089, 10.7386, 11.1158, 20.3782, 17.1408, 33.3703, 18.6988], [22.9089, 0.0, 15.7302, 30.0202, 29.5011, 7.7402, 37.9202, 40.7294], [10.7386, 15.7302, 0.0, 21.4086, 15.5415, 13.5109, 26.9412, 29.2529], [11.1158, 30.0202, 21.4086, 0.0, 30.7866, 22.6869, 43.8619, 11.7961], [20.3782, 29.5011, 15.5415, 30.7866, 0.0, 28.9576, 13.0759, 33.5062], [17.1408, 7.7402, 13.5109, 22.6869, 28.9576, 0.0, 39.4381, 33.8215], [33.3703, 37.9202, 26.9412, 43.8619, 13.0759, 39.4381, 0.0, 45.9405], [18.6988, 40.7294, 29.2529, 11.7961, 33.5062, 33.8215, 45.9405, 0.0]], "fallback": true}, "011d2fafb4482b6815ca2541c553e3e1cce843a1049ff85c724c61faaaa65cd3": {"dist_km": [[0.0, 5.3078, 15.5705, 12.9147, 2.5971, 12.5522, 8.8367, 8.802, 12.4067], [5.3078, 0.0, 20.1963, 7.6653, 5.7887, 7.2531, 3.9129, 4.4614, 8.1456], [15.5705, 20.1963, 0.0, 27.6873, 17.2513, 26.736, 24.0761, 21.6366, 23.9935], [12.9147, 7.6653, 27.6873, 0.0, 12.7474, 2.0405, 4.3191, 6.8767, 7.6378], [2.5971, 5.7887, 17.2513, 12.7474, 0.0, 12.7991, 8.4457, 10.011, 13.7289], [12.5522, 7.2531, 26.736, 2.0405, 12.7991, 0.0, 4.8107, 5.3496, 5.6148], [8.8367, 3.9129, 24.0761, 4.3191, 8.4457, 4.8107, 0.0, 5.6837, 8.4148], [8.802, 4.4614, 21.6366, 6.8767, 10.011, 5.3496, 5.6837, 0.0, 3.7218], [12.4067, 8.1456, 23.9935, 7.6378, 13.7289, 5.6148, 8.4148, 3.7218, 0.0]], "dur_min": [[0.0, 10.6157, 31.1411, 25.8294, 5.1941, 25.1043, 17.6734, 17.604, 24.8133], [10.6157, 0.0, 40.3927, 15.3306, 11.5774, 14.5062, 7.8258, 8.9229, 16.2912], [31.1411, 40.3927, 0.0, 55.3747, 34.5027, 53.4719, 48.1521, 43.2731, 47.9869], [25.8294, 15.3306, 55.3747, 0.0, 25.4948, 4.0809, 8.6383, 13.7533, 15.2756], [5.1941, 11.5774, 34.5027, 25.4948, 0.0, 25.5983, 16.8913, 20.022, 27.4577], [25.1043, 14.5062, 53.4719, 4.0809, 25.5983, 0.0, 9.6214, 10.6992, 11.2296], [17.6734, 7.8258, 48.1521, 8.6383, 16.8913, 9.6214, 0.0, 11.3674, 16.8295], [17.604, 8.9229, 43.2731, 13.7533, 20.022, 10.6992, 11.3674, 0.0, 7.4437], [24.8133, 16.2912, 47.9869, 15.2756, 27.4577, 11.2296, 16.8295, 7.4437, 0.0]], "fallback": true}, "c8c952372b38ab131d422a47988358227e155e6b879fc645a42d4ccb3b26ba2b": {"dist_km": [[0.0, 11.9587, 15.721, 13.2965, 13.7824, 17.9346, 3.5364, 14.9425, 20.1547, 11.8907], [11.9587, 0.0, 3.8804, 8.231, 7.4697, 7.1519, 15.4634, 2.9864, 12.6811, 5.3969], [15.721, 3.8804, 0.0, 8.7025, 7.5742, 6.0732, 19.2474, 1.4354, 10.8623, 6.5076], [13.2965, 8.231, 8.7025, 0.0, 1.2333, 14.5382, 16.4827, 9.3498, 6.8676, 2.8693], [13.7824, 7.4697, 7.5742, 1.2333, 0.0, 13.4923, 17.0728, 8.3078, 6.4552, 2.4004], [17.9346, 7.1519, 6.0732, 14.5382, 13.4923, 0.0, 21.2108, 5.1891, 16.738, 11.9987], [3.5364, 15.4634, 19.2474, 16.4827, 17.0728, 21.2108, 0.0, 18.4415, 23.3465, 15.3014], [14.9425, 2.9864, 1.4354, 9.3498, 8.3078, 5.1891, 18.4415, 0.0, 12.1467, 6.8694], [20.1547, 12.6811, 10.8623, 6.8676, 6.4552, 16.738, 23.3465, 12.1467, 0.0, 8.707], [11.8907, 5.3969, 6.5076, 2.8693, 2.4004, 11.9987, 15.3014, 6.8694, 8.707, 0.0]], "dur_min": [[0.0, 23.9175, 31.4421, 26.593, 27.5648, 35.8692, 7.0727, 29.8851, 40.3094, 23.7814], [23.9175, 0.0, 7.7608, 16.4621, 14.9393, 14.3039, 30.9269, 5.9729, 25.3622, 10.7937], [31.4421, 7.7608, 0.0, 17.4051, 15.1483, 12.1463, 38.4949, 2.8708, 21.7247, 13.0152], [26.593, 16.4621, 17.4051, 0.0, 2.4667, 29.0765, 32.9654, 18.6997, 13.7352, 5.7385], [27.5648, 14.9393, 15.1483, 2.4667, 0.0, 26.9846, 34.1457, 16.6156, 12.9103, 4.8008], [35.8692, 14.3039, 12.1463, 29.0765, 26.9846, 0.0, 42.4217, 10.3783, 33.4761, 23.9975], [7.0727, 30.9269, 38.4949, 32.9654, 34.1457, 42.4217, 0.0, 36.8831, 46.693, 30.6029], [29.8851, 5.9729, 2.8708, 18.6997, 16.6156, 10.3783, 36.8831, 0.0, 24.2934, 13.7388], [40.3094, 25.3622, 21.7247, 13.7352, 12.9103, 33.4761, 46.693, 24.2934, 0.0, 17.4141], [23.7814, 10.7937, 13.0152, 5.7385, 4.8008, 23.9975, 30.6029, 13.7388, 17.4141, 0.0]], "fallback": true}, "db1b6d1fdbc550b9ca8f004b68639110b4a530f04954e1ca7b8e1cffdf337855": {"dist_km": [[0.0, 12.835, 19.0102, 16.6595, 20.3098, 19.9456, 17.0542, 21.1627, 26.7281], [12.835, 0.0, 8.5272, 10.3919, 9.154, 9.7442, 4.4422, 12.5389, 15.4015], [19.0102, 8.5272, 0.0, 5.7303, 1.6285, 1.2267, 5.4711, 4.5119, 7.7283], [16.6595, 10.3919, 5.7303, 0.0, 7.2887, 5.6671, 9.6392, 4.8552, 12.022], [20.3098, 9.154, 1.6285, 7.2887, 0.0, 1.861, 5.441, 5.1982, 6.4616], [19.9456, 9.7442, 1.2267, 5.6671, 1.861, 0.0, 6.6393, 3.4495, 6.9161], [17.0542, 4.4422, 5.4711, 9.6392, 5.441, 6.6393, 0.0, 9.9685, 11.2186], [21.1627, 12.5389, 4.5119, 4.8552, 5.1982, 3.4495, 9.9685, 0.0, 7.5651], [26.7281, 15.4015, 7.7283, 12.022, 6.4616, 6.9161, 11.2186, 7.5651, 0.0]], "dur_min": [[0.0, 25.67, 38.0205, 33.3191, 40.6197, 39.8913, 34.1083, 42.3255, 53.4561], [25.67, 0.0, 17.0544, 20.7838, 18.308, 19.4885, 8.8845, 25.0778, 30.803], [38.0205, 17.0544, 0.0, 11.4607, 3.2571, 2.4534, 10.9422, 9.0238, 15.4566], [33.3191, 20.7838, 11.4607, 0.0, 14.5774, 11.3341, 19.2783, 9.7105, 24.0441], [40.6197, 18.308, 3.2571, 14.5774, 0.0, 3.7221, 10.882, 10.3964, 12.9232], [39.8913, 19.4885, 2.4534, 11.3341, 3.7221, 0.0, 13.2786, 6.899, 13.8322], [34.1083, 8.8845, 10.9422, 19.2783, 10.882, 13.2786, 0.0, 19.9369, 22.4371], [42.3255, 25.0778, 9.0238, 9.7105, 10.3964, 6.899, 19.9369, 0.0, 15.1303], [53.4561, 30.803, 15.4566, 24.0441, 12.9232, 13.8322, 22.4371, 15.1303, 0.0]]