{"id": "london-routing-10000", "task_type": "cvrptw", "difficulty": 1, "split": "tutorial", "episode_date": "2026-04-25", "horizon_minutes": 960, "tick_minutes": 15, "depots": [{"id": "depot-0", "name": "Stockwell Bus Garage London", "lat": 51.4742479, "lon": -0.1243397, "node_idx": 7}], "vehicles": [{"id": "v-0", "type": "minibus_16", "depot_id": "depot-0", "capacity_seats": 16, "capacity_wheelchair": 1, "speed_factor": 1.0, "cost_per_km": 0.85, "shift_start": 0, "shift_end": 960}, {"id": "v-1", "type": "minibus_16", "depot_id": "depot-0", "capacity_seats": 16, "capacity_wheelchair": 1, "speed_factor": 1.0, "cost_per_km": 0.85, "shift_start": 0, "shift_end": 960}], "requests": [{"id": "r-0", "kind": "parcel", "pickup_node_idx": 7, "dropoff_node_idx": 6, "pickup_lat": 51.4742479, "pickup_lon": -0.1243397, "dropoff_lat": 51.5037251, "dropoff_lon": -0.1137089, "passengers": 5, "wheelchairs": 1, "earliest_pickup": 0, "latest_pickup": 276, "earliest_dropoff": 0, "latest_dropoff": 276, "service_time": 2, "priority": 3, "released_at": 0}, {"id": "r-1", "kind": "parcel", "pickup_node_idx": 7, "dropoff_node_idx": 0, "pickup_lat": 51.4742479, "pickup_lon": -0.1243397, "dropoff_lat": 51.4901142, "dropoff_lon": -0.0906603, "passengers": 1, "wheelchairs": 0, "earliest_pickup": 0, "latest_pickup": 960, "earliest_dropoff": 537, "latest_dropoff": 960, "service_time": 2, "priority": 3, "released_at": 0}, {"id": "r-2", "kind": "parcel", "pickup_node_idx": 7, "dropoff_node_idx": 4, "pickup_lat": 51.4742479, "pickup_lon": -0.1243397, "dropoff_lat": 51.5253494, "dropoff_lon": -0.0332119, "passengers": 1, "wheelchairs": 1, "earliest_pickup": 219, "latest_pickup": 538, "earliest_dropoff": 219, "latest_dropoff": 538, "service_time": 2, "priority": 1, "released_at": 219}, {"id": "r-3", "kind": "parcel", "pickup_node_idx": 7, "dropoff_node_idx": 3, "pickup_lat": 51.4742479, "pickup_lon": -0.1243397, "dropoff_lat": 51.4888554, "dropoff_lon": -0.1653781, "passengers": 6, "wheelchairs": 0, "earliest_pickup": 319, "latest_pickup": 912, "earliest_dropoff": 460, "latest_dropoff": 912, "service_time": 2, "priority": 5, "released_at": 319}, {"id": "r-4", "kind": "parcel", "pickup_node_idx": 7, "dropoff_node_idx": 5, "pickup_lat": 51.4742479, "pickup_lon": -0.1243397, "dropoff_lat": 51.5266694, "dropoff_lon": -0.0798926, "passengers": 2, "wheelchairs": 0, "earliest_pickup": 387, "latest_pickup": 960, "earliest_dropoff": 636, "latest_dropoff": 960, "service_time": 2, "priority": 2, "released_at": 387}], "nodes": [{"idx": 0, "name": "Walworth London", "lat": 51.4901142, "lon": -0.0906603, "zone": 2, "category": "residential"}, {"idx": 1, "name": "Marylebone station London", "lat": 51.5226092, "lon": -0.1631475, "zone": 1, "category": "tube_station"}, {"idx": 2, "name": "Euston station London", "lat": 51.5288526, "lon": -0.1341909, "zone": 1, "category": "tube_station"}, {"idx": 3, "name": "Chelsea London", "lat": 51.4888554, "lon": -0.1653781, "zone": 2, "category": "residential"}, {"idx": 4, "name": "Mile End station London", "lat": 51.5253494, "lon": -0.0332119, "zone": 3, "category": "tube_station"}, {"idx": 5, "name": "Shoreditch London", "lat": 51.5266694, "lon": -0.0798926, "zone": 2, "category": "residential"}, {"idx": 6, "name": "Waterloo station London", "lat": 51.5037251, "lon": -0.1137089, "zone": 1, "category": "tube_station"}, {"idx": 7, "name": "Stockwell Bus Garage London", "lat": 51.4742479, "lon": -0.1243397, "zone": 2, "category": "depot"}], "distance_matrix_km": [[0.0, 8.6557, 7.359, 7.2451, 7.8148, 5.7855, 3.0788, 4.0941], [8.6557, 0.0, 2.9682, 5.259, 12.5925, 8.0885, 5.6199, 8.4157], [7.359, 2.9682, 0.0, 6.921, 9.7951, 5.2697, 4.3861, 8.5539], [7.2451, 5.259, 6.921, 0.0, 14.0096, 10.1616, 5.5167, 4.5826], [7.8148, 12.5925, 9.7951, 14.0096, 0.0, 4.5258, 8.4939, 11.8858], [5.7855, 8.0885, 5.2697, 10.1616, 4.5258, 0.0, 4.8466, 9.2276], [3.0788, 5.6199, 4.3861, 5.5167, 8.4939, 4.8466, 0.0, 4.7031], [4.0941, 8.4157, 8.5539, 4.5826, 11.8858, 9.2276, 4.7031, 0.0]], "duration_matrix_min": [[0.0, 17.3114, 14.7181, 14.4902, 15.6296, 11.571, 6.1577, 8.1882], [17.3114, 0.0, 5.9364, 10.518, 25.185, 16.177, 11.2397, 16.8314], [14.7181, 5.9364, 0.0, 13.8419, 19.5902, 10.5395, 8.7723, 17.1078], [14.4902, 10.518, 13.8419, 0.0, 28.0193, 20.3232, 11.0335, 9.1652], [15.6296, 25.185, 19.5902, 28.0193, 0.0, 9.0517, 16.9878, 23.7716], [11.571, 16.177, 10.5395, 20.3232, 9.0517, 0.0, 9.6933, 18.4551], [6.1577, 11.2397, 8.7723, 11.0335, 16.9878, 9.6933, 0.0, 9.4062], [8.1882, 16.8314, 17.1078, 9.1652, 23.7716, 18.4551, 9.4062, 0.0]], "weather_timeline": [{"t": 0, "precip_mm": 0.0, "wind_kph": 8.3, "visibility_km": 9.94, "temp_c": 15.1}, {"t": 60, "precip_mm": 0.01, "wind_kph": 8.2, "visibility_km": 9.95, "temp_c": 8.0}, {"t": 120, "precip_mm": 0.04, "wind_kph": 8.1, "visibility_km": 9.92, "temp_c": 17.7}, {"t": 180, "precip_mm": 0.01, "wind_kph": 8.0, "visibility_km": 9.93, "temp_c": 11.8}, {"t": 240, "precip_mm": 0.05, "wind_kph": 8.2, "visibility_km": 9.93, "temp_c": 17.3}, {"t": 300, "precip_mm": 0.03, "wind_kph": 8.1, "visibility_km": 9.95, "temp_c": 16.1}, {"t": 360, "precip_mm": 0.0, "wind_kph": 8.2, "visibility_km": 9.97, "temp_c": 12.1}, {"t": 420, "precip_mm": 0.03, "wind_kph": 8.2, "visibility_km": 9.99, "temp_c": 17.2}, {"t": 480, "precip_mm": 0.08, "wind_kph": 8.3, "visibility_km": 9.98, "temp_c": 11.8}, {"t": 540, "precip_mm": 0.01, "wind_kph": 8.2, "visibility_km": 9.96, "temp_c": 14.5}, {"t": 600, "precip_mm": 0.03, "wind_kph": 8.2, "visibility_km": 9.99, "temp_c": 11.0}, {"t": 660, "precip_mm": 0.01, "wind_kph": 8.2, "visibility_km": 9.92, "temp_c": 17.5}, {"t": 720, "precip_mm": 0.02, "wind_kph": 8.1, "visibility_km": 9.99, "temp_c": 10.3}, {"t": 780, "precip_mm": 0.03, "wind_kph": 8.1, "visibility_km": 9.94, "temp_c": 16.8}, {"t": 840, "precip_mm": 0.06, "wind_kph": 8.2, "visibility_km": 9.97, "temp_c": 14.5}, {"t": 900, "precip_mm": 0.02, "wind_kph": 8.0, "visibility_km": 9.95, "temp_c": 8.3}, {"t": 960, "precip_mm": 0.04, "wind_kph": 8.1, "visibility_km": 9.93, "temp_c": 11.5}, {"t": 1020, "precip_mm": 0.01, "wind_kph": 8.1, "visibility_km": 9.95, "temp_c": 17.3}, {"t": 1080, "precip_mm": 0.01, "wind_kph": 8.2, "visibility_km": 9.97, "temp_c": 15.1}, {"t": 1140, "precip_mm": 0.03, "wind_kph": 8.2, "visibility_km": 9.99, "temp_c": 15.8}, {"t": 1200, "precip_mm": 0.03, "wind_kph": 8.2, "visibility_km": 9.97, "temp_c": 9.4}, {"t": 1260, "precip_mm": 0.03, "wind_kph": 8.1, "visibility_km": 9.95, "temp_c": 11.0}, {"t": 1320, "precip_mm": 0.02, "wind_kph": 8.3, "visibility_km": 9.99, "temp_c": 13.1}, {"t": 1380, "precip_mm": 0.02, "wind_kph": 8.0, "visibility_km": 9.95, "temp_c": 9.3}], "traffic_events": [], "dynamic_events": [], "osrm_fallback": true, "or_tools_baseline_cost": 38.462, "or_tools_baseline_unserved": 0, "or_tools_baseline_served": 5}
{"id": "london-routing-10001", "task_type": "cvrptw", "difficulty": 2, "split": "tutorial", "episode_date": "2026-04-25", "horizon_minutes": 960, "tick_minutes": 15, "depots": [{"id": "depot-0", "name": "Norwood Bus Garage London", "lat": 51.4291443, "lon": -0.1035579, "node_idx": 7}], "vehicles": [{"id": "v-0", "type": "minibus_16", "depot_id": "depot-0", "capacity_seats": 16, "capacity_wheelchair": 1, "speed_factor": 1.0, "cost_per_km": 0.85, "shift_start": 0, "shift_end": 623}, {"id": "v-1", "type": "minibus_24", "depot_id": "depot-0", "capacity_seats": 24, "capacity_wheelchair": 1, "speed_factor": 0.9, "cost_per_km": 1.05, "shift_start": 0, "shift_end": 645}], "requests": [{"id": "r-0", "kind": "parcel", "pickup_node_idx": 7, "dropoff_node_idx": 4, "pickup_lat": 51.4291443, "pickup_lon": -0.1035579, "dropoff_lat": 51.5130102, "dropoff_lon": -0.1386688, "passengers": 2, "wheelchairs": 0, "earliest_pickup": 0, "latest_pickup": 868, "earliest_dropoff": 418, "latest_dropoff": 868, "service_time": 2, "priority": 1, "released_at": 0}, {"id": "r-1", "kind": "parcel", "pickup_node_idx": 7, "dropoff_node_idx": 2, "pickup_lat": 51.4291443, "pickup_lon": -0.1035579, "dropoff_lat": 51.5160858, "dropoff_lon": -0.2051174, "passengers": 3, "wheelchairs": 0, "earliest_pickup": 0, "latest_pickup": 888, "earliest_dropoff": 438, "latest_dropoff": 888, "service_time": 2, "priority": 5, "released_at": 0}, {"id": "r-2", "kind": "parcel", "pickup_node_idx": 7, "dropoff_node_idx": 3, "pickup_lat": 51.4291443, "pickup_lon": -0.1035579, "dropoff_lat": 51.5114753, "dropoff_lon": -0.1161094, "passengers": 4, "wheelchairs": 0, "earliest_pickup": 254, "latest_pickup": 832, "earliest_dropoff": 382, "latest_dropoff": 832, "service_time": 2, "priority": 1, "released_at": 254}, {"id": "r-3", "kind": "parcel", "pickup_node_idx": 7, "dropoff_node_idx": 6, "pickup_lat": 51.4291443, "pickup_lon": -0.1035579, "dropoff_lat": 51.472211, "dropoff_lon": -0.1225014, "passengers": 5, "wheelchairs": 0, "earliest_pickup": 0, "latest_pickup": 960, "earliest_dropoff": 648, "latest_dropoff": 960, "service_time": 2, "priority": 5, "released_at": 0}, {"id": "r-4", "kind": "parcel", "pickup_node_idx": 7, "dropoff_node_idx": 5, "pickup_lat": 51.4291443, "pickup_lon": -0.1035579, "dropoff_lat": 51.4030739, "dropoff_lon": -0.3032181, "passengers": 1, "wheelchairs": 0, "earliest_pickup": 0, "latest_pickup": 920, "earliest_dropoff": 470, "latest_dropoff": 920, "service_time": 2, "priority": 2, "released_at": 0}], "nodes": [{"idx": 0, "name": "Clerkenwell London", "lat": 51.5239164, "lon": -0.10951, "zone": 1, "category": "business"}, {"idx": 1, "name": "Mile End station London", "lat": 51.5253494, "lon": -0.0332119, "zone": 3, "category": "tube_station"}, {"idx": 2, "name": "Portobello Road Market London", "lat": 51.5160858, "lon": -0.2051174, "zone": 2, "category": "shopping"}, {"idx": 3, "name": "King's College London Strand", "lat": 51.5114753, "lon": -0.1161094, "zone": 1, "category": "school"}, {"idx": 4, "name": "Carnaby Street London", "lat": 51.5130102, "lon": -0.1386688, "zone": 1, "category": "shopping"}, {"idx": 5, "name": "Kingston University London", "lat": 51.4030739, "lon": -0.3032181, "zone": 4, "category": "school"}, {"idx": 6, "name": "Stockwell station London", "lat": 51.472211, "lon": -0.1225014, "zone": 2, "category": "tube_station"}, {"idx": 7, "name": "Norwood Bus Garage London", "lat": 51.4291443, "lon": -0.1035579, "zone": 3, "category": "depot"}], "distance_matrix_km": [[0.0, 7.3933, 9.341, 2.0395, 3.2956, 26.5864, 8.147, 14.7647], [7.3933, 0.0, 16.7139, 8.3156, 10.3944, 32.3738, 11.9711, 16.4565], [9.341, 16.7139, 0.0, 8.6529, 6.4552, 20.0012, 10.5246, 16.738], [2.0395, 8.3156, 8.6529, 0.0, 2.1986, 24.7825, 6.1437, 12.8744], [3.2956, 10.3944, 6.4552, 2.1986, 0.0, 23.4018, 6.5418, 13.4923], [26.5864, 32.3738, 20.0012, 24.7825, 23.4018, 0.0, 20.5762, 19.8047], [8.147, 11.9711, 10.5246, 6.1437, 6.5418, 20.5762, 0.0, 6.9516], [14.7647, 16.4565, 16.738, 12.8744, 13.4923, 19.8047, 6.9516, 0.0]], "duration_matrix_min": [[0.0, 14.7866, 18.682, 4.0791, 6.5912, 53.1729, 16.294, 29.5295], [14.7866, 0.0, 33.4278, 16.6312, 20.7888, 64.7475, 23.9421, 32.913], [18.682, 33.4278, 0.0, 17.3057, 12.9103, 40.0025, 21.0491, 33.4761], [4.0791, 16.6312, 17.3057, 0.0, 4.3973, 49.565, 12.2874, 25.7487], [6.5912, 20.7888, 12.9103, 4.3973, 0.0, 46.8036, 13.0836, 26.9846], [53.1729, 64.7475, 40.0025, 49.565, 46.8036, 0.0, 41.1525, 39.6094], [16.294, 23.9421, 21.0491, 12.2874, 13.0836, 41.1525, 0.0, 13.9033], [29.5295, 32.913, 33.4761, 25.7487, 26.9846, 39.6094, 13.9033, 0.0]], "weather_timeline": [{"t": 0, "precip_mm": 0.03, "wind_kph": 8.5, "visibility_km": 9.87, "temp_c": 9.5}, {"t": 60, "precip_mm": 0.07, "wind_kph": 8.3, "visibility_km": 9.85, "temp_c": 9.1}, {"t": 120, "precip_mm": 0.0, "wind_kph": 8.3, "visibility_km": 9.93, "temp_c": 10.3}, {"t": 180, "precip_mm": 0.13, "wind_kph": 8.5, "visibility_km": 9.9, "temp_c": 12.8}, {"t": 240, "precip_mm": 0.0, "wind_kph": 8.3, "visibility_km": 9.95, "temp_c": 14.2}, {"t": 300, "precip_mm": 0.07, "wind_kph": 8.3, "visibility_km": 9.86, "temp_c": 17.4}, {"t": 360, "precip_mm": 0.1, "wind_kph": 8.3, "visibility_km": 9.94, "temp_c": 11.8}, {"t": 420, "precip_mm": 0.06, "wind_kph": 8.4, "visibility_km": 9.99, "temp_c": 17.7}, {"t": 480, "precip_mm": 0.0, "wind_kph": 8.3, "visibility_km": 9.87, "temp_c": 12.8}, {"t": 540, "precip_mm": 0.03, "wind_kph": 8.3, "visibility_km": 9.88, "temp_c": 9.2}, {"t": 600, "precip_mm": 0.11, "wind_kph": 8.4, "visibility_km": 9.93, "temp_c": 16.4}, {"t": 660, "precip_mm": 0.0, "wind_kph": 8.4, "visibility_km": 9.93, "temp_c": 10.4}, {"t": 720, "precip_mm": 0.09, "wind_kph": 8.5, "visibility_km": 9.87, "temp_c": 10.8}, {"t": 780, "precip_mm": 0.1, "wind_kph": 8.5, "visibility_km": 9.85, "temp_c": 12.7}, {"t": 840, "precip_mm": 0.08, "wind_kph": 8.3, "visibility_km": 9.99, "temp_c": 15.8}, {"t": 900, "precip_mm": 0.07, "wind_kph": 8.3, "visibility_km": 9.95, "temp_c": 16.3}, {"t": 960, "precip_mm": 0.05, "wind_kph": 8.2, "visibility_km": 9.9, "temp_c": 10.9}, {"t": 1020, "precip_mm": 0.0, "wind_kph": 8.3, "visibility_km": 9.89, "temp_c": 8.1}, {"t": 1080, "precip_mm": 0.03, "wind_kph": 8.5, "visibility_km": 9.9, "temp_c": 9.0}, {"t": 1140, "precip_mm": 0.1, "wind_kph": 8.0, "visibility_km": 9.99, "temp_c": 8.8}, {"t": 1200, "precip_mm": 0.05, "wind_kph": 8.3, "visibility_km": 9.89, "temp_c": 17.6}, {"t": 1260, "precip_mm": 0.03, "wind_kph": 8.2, "visibility_km": 9.86, "temp_c": 14.5}, {"t": 1320, "precip_mm": 0.09, "wind_kph": 8.2, "visibility_km": 9.98, "temp_c": 11.3}, {"t": 1380, "precip_mm": 0.03, "wind_kph": 8.1, "visibility_km": 9.99, "temp_c": 15.4}], "traffic_events": [], "dynamic_events": [], "osrm_fallback": true, "or_tools_baseline_cost": 57.008, "or_tools_baseline_unserved": 0, "or_tools_baseline_served": 5}
{"id": "london-routing-10002", "task_type": "cvrptw", "difficulty": 3, "split": "tutorial", "episode_date": "2026-04-25", "horizon_minutes": 960, "tick_minutes": 15, "depots": [{"id": "depot-0", "name": "Norwood Bus Garage London", "lat": 51.4291443, "lon": -0.1035579, "node_idx": 8}], "vehicles": [{"id": "v-0", "type": "minibus_16", "depot_id": "depot-0", "capacity_seats": 16, "capacity_wheelchair": 1, "speed_factor": 1.0, "cost_per_km": 0.85, "shift_start": 0, "shift_end": 960}, {"id": "v-1", "type": "minibus_16", "depot_id": "depot-0", "capacity_seats": 16, "capacity_wheelchair": 1, "speed_factor": 1.0, "cost_per_km": 0.85, "shift_start": 0, "shift_end": 960}], "requests": [{"id": "r-0", "kind": "parcel", "pickup_node_idx": 8, "dropoff_node_idx": 6, "pickup_lat": 51.4291443, "pickup_lon": -0.1035579, "dropoff_lat": 51.5206514, "dropoff_lon": -0.0938065, "passengers": 3, "wheelchairs": 0, "earliest_pickup": 0, "latest_pickup": 772, "earliest_dropoff": 324, "latest_dropoff": 772, "service_time": 2, "priority": 1, "released_at": 0}, {"id": "r-1", "kind": "parcel", "pickup_node_idx": 8, "dropoff_node_idx": 5, "pickup_lat": 51.4291443, "pickup_lon": -0.1035579, "dropoff_lat": 51.5154418, "dropoff_lon": -0.1419563, "passengers": 1, "wheelchairs": 1, "earliest_pickup": 0, "latest_pickup": 378, "earliest_dropoff": 0, "latest_dropoff": 378, "service_time": 2, "priority": 4, "released_at": 0}, {"id": "r-2", "kind": "parcel", "pickup_node_idx": 8, "dropoff_node_idx": 7, "pickup_lat": 51.4291443, "pickup_lon": -0.1035579, "dropoff_lat": 51.4692572, "dropoff_lon": -0.0678717, "passengers": 2, "wheelchairs": 0, "earliest_pickup": 0, "latest_pickup": 423, "earliest_dropoff": 0, "latest_dropoff": 423, "service_time": 2, "priority": 4, "released_at": 0}, {"id": "r-3", "kind": "parcel", "pickup_node_idx": 8, "dropoff_node_idx": 2, "pickup_lat": 51.4291443, "pickup_lon": -0.1035579, "dropoff_lat": 51.5155439, "dropoff_lon": -0.1755506, "passengers": 5, "wheelchairs": 0, "earliest_pickup": 0, "latest_pickup": 658, "earliest_dropoff": 210, "latest_dropoff": 658, "service_time": 2, "priority": 1, "released_at": 0}, {"id": "r-4", "kind": "parcel", "pickup_node_idx": 8, "dropoff_node_idx": 0, "pickup_lat": 51.4291443, "pickup_lon": -0.1035579, "dropoff_lat": 51.582893, "dropoff_lon": -0.0199941, "passengers": 3, "wheelchairs": 1, "earliest_pickup": 0, "latest_pickup": 960, "earliest_dropoff": 637, "latest_dropoff": 960, "service_time": 2, "priority": 3, "released_at": 0}, {"id": "r-5", "kind": "parcel", "pickup_node_idx": 8, "dropoff_node_idx": 1, "pickup_lat": 51.4291443, "pickup_lon": -0.1035579, "dropoff_lat": 51.5276574, "dropoff_lon": -0.103605, "passengers": 3, "wheelchairs": 0, "earliest_pickup": 468, "latest_pickup": 874, "earliest_dropoff": 468, "latest_dropoff": 874, "service_time": 2, "priority": 1, "released_at": 468}], "nodes": [{"idx": 0, "name": "Walthamstow Central station London", "lat": 51.582893, "lon": -0.0199941, "zone": 4, "category": "tube_station"}, {"idx": 1, "name": "City University of London", "lat": 51.5276574, "lon": -0.103605, "zone": 1, "category": "school"}, {"idx": 2, "name": "Paddington station London", "lat": 51.5155439, "lon": -0.1755506, "zone": 2, "category": "tube_station"}, {"idx": 3, "name": "Notting Hill London", "lat": 51.5109995, "lon": -0.2055267, "zone": 2, "category": "residential"}, {"idx": 4, "name": "St Mary's Hospital London", "lat": 51.517434, "lon": -0.1743245, "zone": 2, "category": "hospital"}, {"idx": 5, "name": "Oxford Circus station London", "lat": 51.5154418, "lon": -0.1419563, "zone": 1, "category": "tube_station"}, {"idx": 6, "name": "Barbican Centre London", "lat": 51.5206514, "lon": -0.0938065, "zone": 1, "category": "landmark"}, {"idx": 7, "name": "Peckham Rye station London", "lat": 51.4692572, "lon": -0.0678717, "zone": 2, "category": "tube_station"}, {"idx": 8, "name": "Norwood Bus Garage London", "lat": 51.4291443, "lon": -0.1035579, "zone": 3, "category": "depot"}], "distance_matrix_km": [[0.0, 11.8081, 18.3489, 21.1627, 18.0839, 15.8003, 12.0388, 18.2877, 25.267], [11.8081, 0.0, 7.2195, 10.2078, 7.0324, 4.1733, 1.4458, 9.7285, 15.3358], [18.3489, 7.2195, 0.0, 2.989, 0.3173, 3.2545, 7.9584, 12.6825, 15.1538], [21.1627, 10.2078, 2.989, 0.0, 3.1845, 6.1974, 10.9267, 14.8411, 16.1292], [18.0839, 7.0324, 0.3173, 3.1845, 0.0, 3.1509, 7.8157, 12.7555, 15.362], [15.8003, 4.1733, 3.2545, 6.1974, 3.1509, 0.0, 4.7343, 10.1614, 13.9406], [12.0388, 1.4458, 7.9584, 10.9267, 7.8157, 4.7343, 0.0, 8.3862, 14.2765], [18.2877, 9.7285, 12.6825, 14.8411, 12.7555, 10.1614, 8.3862, 0.0, 7.14], [25.267, 15.3358, 15.1538, 16.1292, 15.362, 13.9406, 14.2765, 7.14, 0.0]], "duration_matrix_min": [[0.0, 23.6161, 36.6977, 42.3255, 36.1678, 31.6005, 24.0776, 36.5754, 50.534], [23.6161, 0.0, 14.439, 20.4156, 14.0648, 8.3465, 2.8915, 19.4571, 30.6716], [36.6977, 14.439, 0.0, 5.978, 0.6346, 6.509, 15.9168, 25.365, 30.3076], [42.3255, 20.4156, 5.978, 0.0, 6.3689, 12.3949, 21.8534, 29.6821, 32.2583], [36.1678, 14.0648, 0.6346, 6.3689, 0.0, 6.3019, 15.6314, 25.511, 30.7241], [31.6005, 8.3465, 6.509, 12.3949, 6.3019, 0.0, 9.4685, 20.3227, 27.8812], [24.0776, 2.8915, 15.9168, 21.8534, 15.6314, 9.4685, 0.0, 16.7725, 28.553], [36.5754, 19.4571, 25.365, 29.6821, 25.511, 20.3227, 16.7725, 0.0, 14.2801], [50.534, 30.6716, 30.3076, 32.2583, 30.7241, 27.8812, 28.553, 14.2801, 0.0]], "weather_timeline": [{"t": 0, "precip_mm": 0.12, "wind_kph": 8.1, "visibility_km": 10.0, "temp_c": 17.1}, {"t": 60, "precip_mm": 0.19, "wind_kph": 8.9, "visibility_km": 9.89, "temp_c": 8.7}, {"t": 120, "precip_mm": 0.09, "wind_kph": 8.8, "visibility_km": 9.78, "temp_c": 10.8}, {"t": 180, "precip_mm": 0.0, "wind_kph": 8.4, "visibility_km": 9.98, "temp_c": 9.4}, {"t": 240, "precip_mm": 0.12, "wind_kph": 8.8, "visibility_km": 9.99, "temp_c": 16.8}, {"t": 300, "precip_mm": 0.03, "wind_kph": 8.6, "visibility_km": 9.95, "temp_c": 17.0}, {"t": 360, "precip_mm": 0.06, "wind_kph": 8.3, "visibility_km": 9.79, "temp_c": 9.2}, {"t": 420, "precip_mm": 0.04, "wind_kph": 8.7, "visibility_km": 9.98, "temp_c": 8.9}, {"t": 480, "precip_mm": 0.09, "wind_kph": 8.8, "visibility_km": 9.97, "temp_c": 15.2}, {"t": 540, "precip_mm": 0.12, "wind_kph": 8.4, "visibility_km": 9.91, "temp_c": 10.9}, {"t": 600, "precip_mm": 0.03, "wind_kph": 8.6, "visibility_km": 9.98, "temp_c": 15.8}, {"t": 660, "precip_mm": 0.13, "wind_kph": 8.9, "visibility_km": 9.89, "temp_c": 10.3}, {"t": 720, "precip_mm": 0.06, "wind_kph": 8.2, "visibility_km": 9.79, "temp_c": 13.9}, {"t": 780, "precip_mm": 0.08, "wind_kph": 8.4, "visibility_km": 9.96, "temp_c": 14.4}, {"t": 840, "precip_mm": 0.05, "wind_kph": 8.5, "visibility_km": 9.97, "temp_c": 15.6}, {"t": 900, "precip_mm": 0.18, "wind_kph": 8.9, "visibility_km": 9.85, "temp_c": 8.4}, {"t": 960, "precip_mm": 0.11, "wind_kph": 8.7, "visibility_km": 9.9, "temp_c": 17.3}, {"t": 1020, "precip_mm": 0.08, "wind_kph": 8.2, "visibility_km": 9.87, "temp_c": 14.9}, {"t": 1080, "precip_mm": 0.03, "wind_kph": 8.6, "visibility_km": 9.92, "temp_c": 14.3}, {"t": 1140, "precip_mm": 0.11, "wind_kph": 8.3, "visibility_km": 9.77, "temp_c": 13.8}, {"t": 1200, "precip_mm": 0.09, "wind_kph": 8.3, "visibility_km": 9.79, "temp_c": 14.7}, {"t": 1260, "precip_mm": 0.03, "wind_kph": 8.4, "visibility_km": 9.92, "temp_c": 12.1}, {"t": 1320, "precip_mm": 0.1, "wind_kph": 8.5, "visibility_km": 9.78, "temp_c": 10.1}, {"t": 1380, "precip_mm": 0.09, "wind_kph": 8.5, "visibility_km": 9.89, "temp_c": 12.6}], "traffic_events": [], "dynamic_events": [], "osrm_fallback": true, "or_tools_baseline_cost": 57.744, "or_tools_baseline_unserved": 0, "or_tools_baseline_served": 6}
{"id": "london-routing-10003", "task_type": "cvrptw", "difficulty": 4, "split": "tutorial", "episode_date": "2026-04-25", "horizon_minutes": 960, "tick_minutes": 15, "depots": [{"id": "depot-0", "name": "Putney Bus Garage London", "lat": 51.4629767, "lon": -0.2174823, "node_idx": 8}], "vehicles": [{"id": "v-0", "type": "minibus_16", "depot_id": "depot-0", "capacity_seats": 16, "capacity_wheelchair": 1, "speed_factor": 1.0, "cost_per_km": 0.85, "shift_start": 0, "shift_end": 819}, {"id": "v-1", "type": "minibus_16", "depot_id": "depot-0", "capacity_seats": 16, "capacity_wheelchair": 1, "speed_factor": 1.0, "cost_per_km": 0.85, "shift_start": 0, "shift_end": 960}], "requests": [{"id": "r-0", "kind": "parcel", "pickup_node_idx": 8, "dropoff_node_idx": 4, "pickup_lat": 51.4629767, "pickup_lon": -0.2174823, "dropoff_lat": 51.4990645, "dropoff_lon": -0.1186968, "passengers": 2, "wheelchairs": 0, "earliest_pickup": 0, "latest_pickup": 960, "earliest_dropoff": 579, "latest_dropoff": 960, "service_time": 2, "priority": 1, "released_at": 0}, {"id": "r-1", "kind": "parcel", "pickup_node_idx": 8, "dropoff_node_idx": 0, "pickup_lat": 51.4629767, "pickup_lon": -0.2174823, "dropoff_lat": 51.5013562, "dropoff_lon": -0.1249302, "passengers": 5, "wheelchairs": 1, "earliest_pickup": 343, "latest_pickup": 795, "earliest_dropoff": 349, "latest_dropoff": 795, "service_time": 2, "priority": 2, "released_at": 343}, {"id": "r-2", "kind": "parcel", "pickup_node_idx": 8, "dropoff_node_idx": 2, "pickup_lat": 51.4629767, "pickup_lon": -0.2174823, "dropoff_lat": 51.5072919, "dropoff_lon": -0.1437229, "passengers": 3, "wheelchairs": 0, "earliest_pickup": 144, "latest_pickup": 518, "earliest_dropoff": 144, "latest_dropoff": 518, "service_time": 2, "priority": 1, "released_at": 144}, {"id": "r-3", "kind": "parcel", "pickup_node_idx": 8, "dropoff_node_idx": 7, "pickup_lat": 51.4629767, "pickup_lon": -0.2174823, "dropoff_lat": 51.5074889, "dropoff_lon": -0.1622074, "passengers": 4, "wheelchairs": 0, "earliest_pickup": 86, "latest_pickup": 960, "earliest_dropoff": 674, "latest_dropoff": 960, "service_time": 2, "priority": 1, "released_at": 86}, {"id": "r-4", "kind": "parcel", "pickup_node_idx": 8, "dropoff_node_idx": 3, "pickup_lat": 51.4629767, "pickup_lon": -0.2174823, "dropoff_lat": 51.5226161, "dropoff_lon": -0.0716229, "passengers": 1, "wheelchairs": 0, "earliest_pickup": 0, "latest_pickup": 871, "earliest_dropoff": 425, "latest_dropoff": 871, "service_time": 2, "priority": 1, "released_at": 0}, {"id": "r-5", "kind": "parcel", "pickup_node_idx": 8, "dropoff_node_idx": 1, "pickup_lat": 51.4629767, "pickup_lon": -0.2174823, "dropoff_lat": 51.5160858, "dropoff_lon": -0.2051174, "passengers": 6, "wheelchairs": 0, "earliest_pickup": 305, "latest_pickup": 726, "earliest_dropoff": 305, "latest_dropoff": 726, "service_time": 2, "priority": 1, "released_at": 305}], "nodes": [{"idx": 0, "name": "Westminster station London", "lat": 51.5013562, "lon": -0.1249302, "zone": 1, "category": "tube_station"}, {"idx": 1, "name": "Portobello Road Market London", "lat": 51.5160858, "lon": -0.2051174, "zone": 2, "category": "shopping"}, {"idx": 2, "name": "Green Park station London", "lat": 51.5072919, "lon": -0.1437229, "zone": 1, "category": "tube_station"}, {"idx": 3, "name": "Brick Lane Market London", "lat": 51.5226161, "lon": -0.0716229, "zone": 2, "category": "shopping"}, {"idx": 4, "name": "St Thomas' Hospital London", "lat": 51.4990645, "lon": -0.1186968, "zone": 1, "category": "hospital"}, {"idx": 5, "name": "Tower of London", "lat": 51.508217, "lon": -0.0761879, "zone": 2, "category": "landmark"}, {"idx": 6, "name": "Clapham North station London", "lat": 51.4647076, "lon": -0.1292909, "zone": 2, "category": "tube_station"}, {"idx": 7, "name": "Hyde Park London", "lat": 51.5074889, "lon": -0.1622074, "zone": 1, "category": "landmark"}, {"idx": 8, "name": "Putney Bus Garage London", "lat": 51.4629767, "lon": -0.2174823, "zone": 3, "category": "depot"}], "distance_matrix_km": [[0.0, 8.1007, 2.042, 6.134, 0.7015, 4.8423, 5.7208, 3.7362, 10.7798], [8.1007, 0.0, 6.1036, 12.9712, 8.7828, 12.551, 10.8623, 4.3674, 8.3541], [2.042, 6.1036, 0.0, 7.381, 2.7425, 6.5452, 6.7752, 1.7913, 9.9357], [6.134, 12.9712, 7.381, 0.0, 5.8517, 2.2848, 10.6069, 9.086, 16.9133], [0.7015, 8.7828, 2.7425, 5.8517, 0.0, 4.3586, 5.4462, 4.4155, 11.1033], [4.8423, 12.551, 6.5452, 2.2848, 4.3586, 0.0, 8.5074, 8.3354, 15.4015], [5.7208, 10.8623, 6.7752, 10.6069, 5.4462, 8.5074, 0.0, 7.3848, 8.5575], [3.7362, 4.3674, 1.7913, 9.086, 4.4155, 8.3354, 7.3848, 0.0, 8.7594], [10.7798, 8.3541, 9.9357, 16.9133, 11.1033, 15.4015, 8.5575, 8.7594, 0.0]], "duration_matrix_min": [[0.0, 16.2013, 4.0841, 12.2681, 1.4031, 9.6846, 11.4417, 7.4723, 21.5596], [16.2013, 0.0, 12.2073, 25.9424, 17.5655, 25.1019, 21.7247, 8.7348, 16.7081], [4.0841, 12.2073, 0.0, 14.7619, 5.485, 13.0904, 13.5505, 3.5826, 19.8714], [12.2681, 25.9424, 14.7619, 0.0, 11.7035, 4.5695, 21.2138, 18.172, 33.8266], [1.4031, 17.5655, 5.485, 11.7035, 0.0, 8.7172, 10.8923, 8.831, 22.2065], [9.6846, 25.1019, 13.0904, 4.5695, 8.7172, 0.0, 17.0147, 16.6707, 30.803], [11.4417, 21.7247, 13.5505, 21.2138, 10.8923, 17.0147, 0.0, 14.7697, 17.1151], [7.4723, 8.7348, 3.5826, 18.172, 8.831, 16.6707, 14.7697, 0.0, 17.5189], [21.5596, 16.7081, 19.8714, 33.8266, 22.2065, 30.803, 17.1151, 17.5189, 0.0]], "weather_timeline": [{"t": 0, "precip_mm": 0.04, "wind_kph": 8.2, "visibility_km": 9.99, "temp_c": 12.6}, {"t": 60, "precip_mm": 0.04, "wind_kph": 8.1, "visibility_km": 9.74, "temp_c": 14.1}, {"t": 120, "precip_mm": 0.0, "wind_kph": 8.2, "visibility_km": 9.8, "temp_c": 15.5}, {"t": 180, "precip_mm": 0.21, "wind_kph": 8.5, "visibility_km": 9.76, "temp_c": 17.0}, {"t": 240, "precip_mm": 0.09, "wind_kph": 8.4, "visibility_km": 9.87, "temp_c": 9.9}, {"t": 300, "precip_mm": 0.12, "wind_kph": 8.8, "visibility_km": 9.91, "temp_c": 13.7}, {"t": 360, "precip_mm": 0.12, "wind_kph": 8.4, "visibility_km": 9.8, "temp_c": 12.5}, {"t": 420, "precip_mm": 0.06, "wind_kph": 8.4, "visibility_km": 9.8, "temp_c": 12.9}, {"t": 480, "precip_mm": 0.0, "wind_kph": 8.1, "visibility_km": 9.97, "temp_c": 12.0}, {"t": 540, "precip_mm": 0.11, "wind_kph": 8.4, "visibility_km": 9.87, "temp_c": 14.2}, {"t": 600, "precip_mm": 0.12, "wind_kph": 8.8, "visibility_km": 9.76, "temp_c": 10.4}, {"t": 660, "precip_mm": 0.09, "wind_kph": 8.2, "visibility_km": 9.86, "temp_c": 9.1}, {"t": 720, "precip_mm": 0.08, "wind_kph": 9.1, "visibility_km": 9.94, "temp_c": 14.5}, {"t": 780, "precip_mm": 0.03, "wind_kph": 8.9, "visibility_km": 10.0, "temp_c": 16.8}, {"t": 840, "precip_mm": 0.0, "wind_kph": 8.2, "visibility_km": 9.98, "temp_c": 16.4}, {"t": 900, "precip_mm": 0.15, "wind_kph": 8.7, "visibility_km": 9.85, "temp_c": 15.7}, {"t": 960, "precip_mm": 0.18, "wind_kph": 8.1, "visibility_km": 9.93, "temp_c": 8.9}, {"t": 1020, "precip_mm": 0.31, "wind_kph": 9.1, "visibility_km": 9.93, "temp_c": 12.5}, {"t": 1080, "precip_mm": 0.08, "wind_kph": 9.1, "visibility_km": 9.95, "temp_c": 9.2}, {"t": 1140, "precip_mm": 0.09, "wind_kph": 8.7, "visibility_km": 9.75, "temp_c": 15.9}, {"t": 1200, "precip_mm": 0.17, "wind_kph": 8.3, "visibility_km": 9.89, "temp_c": 10.9}, {"t": 1260, "precip_mm": 0.08, "wind_kph": 8.8, "visibility_km": 9.97, "temp_c": 11.8}, {"t": 1320, "precip_mm": 0.12, "wind_kph": 8.1, "visibility_km": 9.92, "temp_c": 11.8}, {"t": 1380, "precip_mm": 0.05, "wind_kph": 8.9, "visibility_km": 9.92, "temp_c": 17.0}], "traffic_events": [], "dynamic_events": [], "osrm_fallback": true, "or_tools_baseline_cost": 41.159, "or_tools_baseline_unserved": 0, "or_tools_baseline_served": 6}
{"id": "london-routing-10004", "task_type": "cvrptw", "difficulty": 5, "split": "tutorial", "episode_date": "2026-04-25", "horizon_minutes": 960, "tick_minutes": 15, "depots": [{"id": "depot-0", "name": "Putney Bus Garage London", "lat": 51.4629767, "lon": -0.2174823, "node_idx": 9}], "vehicles": [{"id": "v-0", "type": "minibus_16", "depot_id": "depot-0", "capacity_seats": 16, "capacity_wheelchair": 1, "speed_factor": 1.0, "cost_per_km": 0.85, "shift_start": 0, "shift_end": 960}, {"id": "v-1", "type": "minibus_16", "depot_id": "depot-0", "capacity_seats": 16, "capacity_wheelchair": 1, "speed_factor": 1.0, "cost_per_km": 0.85, "shift_start": 0, "shift_end": 535}], "requests": [{"id": "r-0", "kind": "parcel", "pickup_node_idx": 9, "dropoff_node_idx": 5, "pickup_lat": 51.4629767, "pickup_lon": -0.2174823, "dropoff_lat": 51.5048954, "dropoff_lon": -0.0190006, "passengers": 6, "wheelchairs": 0, "earliest_pickup": 480, "latest_pickup": 960, "earliest_dropoff": 646, "latest_dropoff": 960, "service_time": 2, "priority": 5, "released_at": 480}, {"id": "r-1", "kind": "parcel", "pickup_node_idx": 9, "dropoff_node_idx": 4, "pickup_lat": 51.4629767, "pickup_lon": -0.2174823, "dropoff_lat": 51.4758453, "dropoff_lon": -0.0215164, "passengers": 1, "wheelchairs": 0, "earliest_pickup": 644, "latest_pickup": 960, "earliest_dropoff": 659, "latest_dropoff": 960, "service_time": 2, "priority": 4, "released_at": 644}, {"id": "r-2", "kind": "parcel", "pickup_node_idx": 9, "dropoff_node_idx": 7, "pickup_lat": 51.4629767, "pickup_lon": -0.2174823, "dropoff_lat": 51.5004439, "dropoff_lon": -0.1265398, "passengers": 1, "wheelchairs": 0, "earliest_pickup": 0, "latest_pickup": 521, "earliest_dropoff": 77, "latest_dropoff": 521, "service_time": 2, "priority": 5, "released_at": 0}, {"id": "r-3", "kind": "parcel", "pickup_node_idx": 9, "dropoff_node_idx": 8, "pickup_lat": 51.4629767, "pickup_lon": -0.2174823, "dropoff_lat": 51.5156177, "dropoff_lon": -0.0919983, "passengers": 1, "wheelchairs": 0, "earliest_pickup": 505, "latest_pickup": 960, "earliest_dropoff": 638, "latest_dropoff": 960, "service_time": 2, "priority": 1, "released_at": 505}, {"id": "r-4", "kind": "parcel", "pickup_node_idx": 9, "dropoff_node_idx": 1, "pickup_lat": 51.4629767, "pickup_lon": -0.2174823, "dropoff_lat": 51.5116219, "dropoff_lon": -0.2245282, "passengers": 2, "wheelchairs": 0, "earliest_pickup": 434, "latest_pickup": 960, "earliest_dropoff": 544, "latest_dropoff": 960, "service_time": 2, "priority": 1, "released_at": 434}, {"id": "r-5", "kind": "parcel", "pickup_node_idx": 9, "dropoff_node_idx": 6, "pickup_lat": 51.4629767, "pickup_lon": -0.2174823, "dropoff_lat": 51.4652194, "dropoff_lon": -0.0122601, "passengers": 4, "wheelchairs": 0, "earliest_pickup": 249, "latest_pickup": 960, "earliest_dropoff": 596, "latest_dropoff": 960, "service_time": 2, "priority": 2, "released_at": 249}], "nodes": [{"idx": 0, "name": "University of Roehampton London", "lat": 51.4485315, "lon": -0.2440107, "zone": 4, "category": "school"}, {"idx": 1, "name": "White City London", "lat": 51.5116219, "lon": -0.2245282, "zone": 3, "category": "business"}, {"idx": 2, "name": "Shepherd's Bush station London", "lat": 51.505228, "lon": -0.2178837, "zone": 3, "category": "tube_station"}, {"idx": 3, "name": "Clerkenwell London", "lat": 51.5239164, "lon": -0.10951, "zone": 1, "category": "business"}, {"idx": 4, "name": "Deptford London", "lat": 51.4758453, "lon": -0.0215164, "zone": 3, "category": "residential"}, {"idx": 5, "name": "Canary Wharf London", "lat": 51.5048954, "lon": -0.0190006, "zone": 3, "category": "landmark"}, {"idx": 6, "name": "Lewisham station London", "lat": 51.4652194, "lon": -0.0122601, "zone": 3, "category": "tube_station"}, {"idx": 7, "name": "Westminster London", "lat": 51.5004439, "lon": -0.1265398, "zone": 1, "category": "residential"}, {"idx": 8, "name": "City of London", "lat": 51.5156177, "lon": -0.0919983, "zone": 1, "category": "business"}, {"idx": 9, "name": "Putney Bus Garage London", "lat": 51.4629767, "lon": -0.2174823, "zone": 3, "category": "depot"}], "distance_matrix_km": [[0.0, 10.0014, 9.1824, 17.5418, 21.9944, 23.5149, 22.6295, 13.9659, 18.0624, 3.4174], [10.0014, 0.0, 1.1854, 11.3051, 20.4493, 19.9413, 21.807, 9.6528, 12.8545, 7.6035], [9.1824, 1.1854, 0.0, 10.8946, 19.5755, 19.2714, 20.8835, 8.8827, 12.3034, 6.5775], [17.5418, 11.3051, 10.8946, 0.0, 11.3453, 9.2548, 13.1276, 4.0093, 2.1322, 14.1249], [21.9944, 20.4493, 19.5755, 11.3453, 0.0, 4.5289, 1.882, 10.8767, 9.2193, 19.1088], [23.5149, 19.9413, 19.2714, 9.2548, 4.5289, 0.0, 6.2109, 10.4439, 7.2668, 20.3178], [22.6295, 21.807, 20.8835, 13.1276, 1.882, 6.2109, 0.0, 12.3616, 11.0132, 19.9065], [13.9659, 9.6528, 8.8827, 4.0093, 10.8767, 10.4439, 12.3616, 0.0, 4.0964, 10.5713], [18.0624, 12.8545, 12.3034, 2.1322, 9.2193, 7.2668, 11.0132, 4.0964, 0.0, 14.6663], [3.4174, 7.6035, 6.5775, 14.1249, 19.1088, 20.3178, 19.9065, 10.5713, 14.6663, 0.0]], "duration_matrix_min": [[0.0, 20.0029, 18.3649, 35.0836, 43.9888, 47.0298, 45.259, 27.9319, 36.1247, 6.8348], [20.0029, 0.0, 2.3708, 22.6102, 40.8987, 39.8826, 43.614, 19.3056, 25.709, 15.207], [18.3649, 2.3708, 0.0, 21.7892, 39.1511, 38.5428, 41.7671, 17.7655, 24.6067, 13.155], [35.0836, 22.6102, 21.7892, 0.0, 22.6907, 18.5097, 26.2552, 8.0185, 4.2645, 28.2497], [43.9888, 40.8987, 39.1511, 22.6907, 0.0, 9.0578, 3.764, 21.7534, 18.4387, 38.2177], [47.0298, 39.8826, 38.5428, 18.5097, 9.0578, 0.0, 12.4219, 20.8878, 14.5336, 40.6356], [45.259, 43.614, 41.7671, 26.2552, 3.764, 12.4219, 0.0, 24.7233, 22.0264, 39.8131], [27.9319, 19.3056, 17.7655, 8.0185, 21.7534, 20.8878, 24.7233, 0.0, 8.1928, 21.1426], [36.1247, 25.709, 24.6067, 4.2645, 18.4387, 14.5336, 22.0264, 8.1928, 0.0, 29.3327], [6.8348, 15.207, 13.155, 28.2497, 38.2177, 40.6356, 39.8131, 21.1426, 29.3327, 0.0]], "weather_timeline": [{"t": 0, "precip_mm": 0.09, "wind_kph": 9.4, "visibility_km": 9.77, "temp_c": 17.5}, {"t": 60, "precip_mm": 0.17, "wind_kph": 8.9, "visibility_km": 9.91, "temp_c": 12.3}, {"t": 120, "precip_mm": 0.17, "wind_kph": 9.1, "visibility_km": 9.86, "temp_c": 14.7}, {"t": 180, "precip_mm": 0.04, "wind_kph": 9.1, "visibility_km": 9.78, "temp_c": 14.6}, {"t": 240, "precip_mm": 0.08, "wind_kph": 8.3, "visibility_km": 9.74, "temp_c": 14.4}, {"t": 300, "precip_mm": 0.11, "wind_kph": 8.2, "visibility_km": 9.73, "temp_c": 12.9}, {"t": 360, "precip_mm": 0.23, "wind_kph": 8.7, "visibility_km": 9.74, "temp_c": 9.5}, {"t": 420, "precip_mm": 0.07, "wind_kph": 9.3, "visibility_km": 9.7, "temp_c": 12.7}, {"t": 480, "precip_mm": 0.09, "wind_kph": 8.6, "visibility_km": 9.88, "temp_c": 17.3}, {"t": 540, "precip_mm": 0.0, "wind_kph": 9.3, "visibility_km": 9.67, "temp_c": 10.9}, {"t": 600, "precip_mm": 0.03, "wind_kph": 8.3, "visibility_km": 9.9, "temp_c": 12.5}, {"t": 660, "precip_mm": 0.18, "wind_kph": 8.6, "visibility_km": 9.73, "temp_c": 9.5}, {"t": 720, "precip_mm": 0.16, "wind_kph": 9.1, "visibility_km": 9.71, "temp_c": 16.8}, {"t": 780, "precip_mm": 0.07, "wind_kph": 8.9, "visibility_km": 9.89, "temp_c": 11.9}, {"t": 840, "precip_mm": 0.11, "wind_kph": 8.7, "visibility_km": 9.87, "temp_c": 13.3}, {"t": 900, "precip_mm": 0.0, "wind_kph": 8.9, "visibility_km": 9.79, "temp_c": 16.4}, {"t": 960, "precip_mm": 0.32, "wind_kph": 9.5, "visibility_km": 9.99, "temp_c": 13.6}, {"t": 1020, "precip_mm": 0.21, "wind_kph": 9.4, "visibility_km": 9.62, "temp_c": 17.0}, {"t": 1080, "precip_mm": 0.0, "wind_kph": 8.7, "visibility_km": 9.75, "temp_c": 10.4}, {"t": 1140, "precip_mm": 0.14, "wind_kph": 8.1, "visibility_km": 9.71, "temp_c": 15.6}, {"t": 1200, "precip_mm": 0.03, "wind_kph": 8.1, "visibility_km": 9.85, "temp_c": 13.3}, {"t": 1260, "precip_mm": 0.24, "wind_kph": 9.0, "visibility_km": 9.86, "temp_c": 17.7}, {"t": 1320, "precip_mm": 0.43, "wind_kph": 8.5, "visibility_km": 9.66, "temp_c": 14.4}, {"t": 1380, "precip_mm": 0.16, "wind_kph": 8.2, "visibility_km": 9.97, "temp_c": 8.6}], "traffic_events": [], "dynamic_events": [], "osrm_fallback": true, "or_tools_baseline_cost": 60.412, "or_tools_baseline_unserved": 0, "or_tools_baseline_served": 6}
